 1       
 2       
 2       
 3       
 4       
 5       
 6       
 7       
 5       
 8       
 9       
 10      
 11      
 12      
 6       
 13      
 5       
 14      
 10      
 15      
 16      
 7       
 3       
 7       
 5       
 4       
 17      
 12      
 5       
 13      
 6       
 9       
 18      
 19      
 20      
 21      
 22      
 8       
 6       
 18      
 12      
 18      
 23      
 9       
 7       
 22      
 7       
 10      
 10      
 12      
 4       
 17      
 4       
 5       
 17      
 24      
 15      
 4       
 21      
 21      
 8       
 25      
 12      
 26      
 27      
 15      
 5       
 20      
