 1       
 2       
 2       
 3       
 4       
 5       
 6       
 3       
 5       
 7       
 8       
 6       
 9       
 10      
 6       
 11      
 5       
 12      
 6       
 13      
 14      
 3       
 3       
 3       
 5       
 4       
 5       
 7       
 5       
 11      
 8       
 8       
 9       
 15      
 14      
 7       
 15      
 7       
 6       
 7       
 10      
 7       
 6       
 8       
 3       
 15      
 3       
 6       
 6       
 10      
 4       
 5       
 4       
 4       
 16      
 12      
 13      
 4       
 7       
 7       
 7       
 16      
 10      
 1       
 13      
 13      
 5       
 13      
