 1       
 2       
 3       
 4       
 1       
 5       
 6       
 7       
 8       
 4       
 9       
 6       
 6       
 10      
 10      
 7       
 11      
 12      
 2       
 2       
 11      
 13      
 7       
 5       
 1       
 14      
 1       
 3       
 6       
 5       
 10      
 1       
 8       
 15      
 16      
 15      
 17      
 11      
 6       
 1       
 5       
 4       
 7       
 14      
 2       
 5       
 7       
 6       
 4       
 4       
 18      
 2       
 8       
 3       
 19      
 15      
 6       
 6       
 13      
 12      
 17      
 19      
 12      
 5       
 4       
 13      
 9       
 20      
