 1       
 2       
 3       
 4       
 1       
 5       
 6       
 7       
 8       
 9       
 10      
 11      
 6       
 12      
 13      
 7       
 14      
 15      
 2       
 2       
 16      
 17      
 7       
 18      
 6       
 8       
 19      
 6       
 6       
 11      
 20      
 19      
 21      
 22      
 23      
 24      
 24      
 25      
 4       
 26      
 18      
 4       
 14      
 27      
 25      
 5       
 14      
 4       
 28      
 28      
 29      
 2       
 8       
 7       
 30      
 22      
 13      
 28      
 31      
 15      
 32      
 30      
 17      
 18      
 20      
 33      
 34      
 35      
