 1       
 2       
 3       
 4       
 5       
 2       
 6       
 1       
 7       
 8       
 9       
 9       
 10      
 11      
 12      
 10      
 3       
 13      
 3       
 14      
 15      
 16      
 17      
 2       
 4       
 18      
 3       
 1       
 19      
 8       
 12      
 8       
 6       
 20      
 21      
 22      
 21      
 23      
 14      
 24      
 19      
 8       
 5       
 25      
 16      
 7       
 2       
 7       
 7       
 4       
 26      
 25      
 27      
 24      
 10      
 28      
 29      
 30      
 31      
 32      
 31      
 32      
 33      
 34      
 35      
 31      
 30      
 36      
