 1       
 2       
 3       
 4       
 5       
 6       
 7       
 7       
 1       
 7       
 2       
 1       
 7       
 2       
 8       
 1       
 9       
 10      
 11      
 11      
 6       
 10      
 4       
 6       
 12      
 7       
 9       
 5       
 8       
 5       
 9       
 5       
 7       
 12      
 13      
 10      
 14      
 12      
 15      
 15      
 15      
 2       
 2       
 3       
 2       
 2       
 2       
 3       
 3       
 16      
 14      
 13      
 13      
 14      
 6       
 17      
 11      
 10      
 10      
 4       
 11      
 4       
 6       
 11      
 9       
 5       
 11      
 6       
