 1       
 2       
 3       
 4       
 5       
 6       
 7       
 8       
 9       
 8       
 9       
 1       
 10      
 9       
 10      
 1       
 11      
 12      
 13      
 14      
 15      
 16      
 4       
 17      
 18      
 8       
 19      
 11      
 20      
 21      
 19      
 21      
 7       
 22      
 23      
 24      
 23      
 18      
 2       
 2       
 9       
 25      
 25      
 26      
 25      
 25      
 25      
 3       
 3       
 27      
 28      
 29      
 30      
 28      
 6       
 31      
 32      
 12      
 12      
 4       
 16      
 4       
 15      
 17      
 11      
 5       
 13      
 32      
