 1       
 2       
 3       
 4       
 5       
 6       
 7       
 8       
 9       
 10      
 11      
 12      
 12      
 13      
 14      
 3       
 15      
 16      
 17      
 3       
 18      
 19      
 20      
 21      
 21      
 22      
 17      
 23      
 3       
 13      
 24      
 15      
 16      
 25      
 23      
 26      
 22      
 3       
 27      
 25      
 18      
 28      
 17      
 14      
 3       
 22      
 22      
 29      
 14      
 18      
 23      
 30      
 30      
 30      
 30      
 30      
 30      
 30      
 30      
 21      
 30      
 31      
 32      
 33      
 34      
 32      
 33      
 35      
 32      
 35      
 36      
 32      
 37      
 31      
 32      
 37      
 33      
 37      
 34      
 38      
 39      
 40      
 41      
 42      
 40      
 43      
 42      
 44      
 38      
 34      
 35      
 45      
 36      
 46      
 41      
 33      
 31      
 37      
 31      
 8       
 38      
 13      
 47      
 14      
 27      
 14      
 48      
 9       
 48      
 49      
 14      
 27      
 23      
 6       
 5       
 7       
 9       
 49      
 6       
 47      
 27      
 9       
 29      
 23      
 9       
 6       
 11      
 14      
 11      
 39      
 50      
 9       
 11      
 48      
 12      
 6       
 49      
 48      
 4       
 51      
 8       
 5       
 8       
 51      
 42      
 12      
 51      
 37      
 45      
 39      
 34      
 34      
 34      
 33      
 37      
 34      
 46      
 23      
 17      
 4       
 27      
 4       
 8       
 9       
 32      
 23      
 26      
 3       
 29      
 2       
 7       
 5       
 4       
 28      
 51      
 25      
 24      
 23      
 22      
 21      
 15      
 18      
 16      
 17      
 17      
 35      
 52      
 35      
 52      
 46      
 52      
 2       
 51      
 21      
 9       
 11      
 15      
 17      
 48      
 25      
 2       
 26      
 29      
 14      
 29      
 43      
 45      
 43      
 10      
 41      
 8       
 40      
 36      
 46      
 36      
 36      
 36      
 45      
 10      
 10      
 40      
 42      
 43      
 50      
 53      
 45      
 42      
 41      
 41      
 51      
 43      
 25      
 20      
 36      
 54      
 4       
 12      
 42      
 43      
 50      
 54      
 43      
 34      
 53      
 45      
 38      
 42      
 41      
 7       
 12      
 36      
 39      
 46      
