 1       
 2       
 3       
 4       
 5       
 6       
 7       
 8       
 9       
 10      
 11      
 12      
 13      
 14      
 2       
 3       
 15      
 16      
 17      
 18      
 19      
 20      
 21      
 22      
 23      
 24      
 17      
 25      
 3       
 14      
 26      
 27      
 21      
 28      
 25      
 29      
 24      
 19      
 30      
 31      
 32      
 33      
 15      
 34      
 35      
 36      
 36      
 37      
 34      
 32      
 38      
 39      
 40      
 39      
 41      
 42      
 43      
 39      
 42      
 22      
 42      
 44      
 45      
 46      
 47      
 45      
 48      
 49      
 50      
 51      
 52      
 45      
 53      
 44      
 45      
 54      
 55      
 54      
 47      
 56      
 57      
 58      
 59      
 60      
 61      
 62      
 63      
 64      
 65      
 47      
 49      
 66      
 67      
 68      
 59      
 46      
 44      
 54      
 44      
 69      
 65      
 70      
 71      
 34      
 72      
 31      
 73      
 74      
 73      
 75      
 73      
 72      
 38      
 76      
 5       
 30      
 74      
 77      
 76      
 71      
 72      
 77      
 28      
 29      
 74      
 78      
 11      
 34      
 11      
 79      
 67      
 5       
 80      
 71      
 12      
 76      
 81      
 71      
 9       
 82      
 83      
 30      
 83      
 69      
 84      
 60      
 82      
 79      
 85      
 57      
 86      
 86      
 54      
 46      
 53      
 86      
 57      
 38      
 16      
 4       
 72      
 81      
 87      
 7       
 41      
 25      
 88      
 3       
 89      
 76      
 90      
 6       
 81      
 91      
 82      
 28      
 92      
 22      
 38      
 37      
 15      
 32      
 16      
 33      
 33      
 93      
 94      
 49      
 95      
 57      
 94      
 2       
 11      
 25      
 74      
 9       
 27      
 91      
 73      
 31      
 73      
 22      
 37      
 34      
 28      
 96      
 96      
 85      
 61      
 97      
 83      
 97      
 61      
 98      
 99      
 99      
 99      
 100     
 61      
 97      
 97      
 60      
 85      
 58      
 62      
 100     
 84      
 59      
 59      
 82      
 85      
 101     
 102     
 67      
 13      
 103     
 12      
 60      
 85      
 58      
 104     
 85      
 47      
 66      
 100     
 56      
 60      
 59      
 90      
 13      
 99      
 98      
 68      
