 1       
 2       
 3       
 4       
 5       
 6       
 7       
 1       
 8       
 9       
 10      
 5       
 11      
 12      
 3       
 13      
 14      
 15      
 1       
 15      
 16      
 17      
 18      
 14      
 19      
 20      
 20      
 8       
 21      
 21      
 22      
 23      
 4       
 9       
 20      
 18      
 6       
 1       
 5       
 17      
 17      
 14      
 21      
 24      
 10      
 22      
 25      
 5       
 25      
 12      
 10      
 18      
 4       
 23      
 4       
 16      
 24      
 4       
 12      
 8       
 15      
 26      
 20      
 15      
 7       
 14      
 5       
 9       
 11      
 1       
 18      
 5       
 16      
 16      
 17      
 12      
 6       
 6       
 20      
 1       
 16      
 9       
 15      
 24      
 23      
 19      
 8       
 26      
 11      
 19      
 24      
 1       
 18      
 3       
 21      
 24      
 16      
 26      
 26      
 15      
 4       
 24      
 16      
 17      
 2       
 13      
 27      
 19      
 18      
 26      
 7       
 7       
