 1       
 2       
 3       
 4       
 5       
 6       
 7       
 8       
 9       
 10      
 11      
 12      
 13      
 14      
 15      
 16      
 17      
 18      
 19      
 20      
 21      
 22      
 23      
 24      
 25      
 26      
 27      
 28      
 29      
 29      
 30      
 31      
 32      
 33      
 26      
 25      
 6       
 1       
 34      
 22      
 14      
 35      
 36      
 37      
 38      
 39      
 40      
 5       
 41      
 42      
 43      
 17      
 32      
 31      
 44      
 45      
 28      
 46      
 42      
 47      
 48      
 49      
 50      
 18      
 51      
 35      
 5       
 52      
 7       
 8       
 53      
 5       
 54      
 33      
 14      
 42      
 55      
 55      
 27      
 19      
 45      
 33      
 48      
 28      
 56      
 53      
 9       
 49      
 57      
 58      
 37      
 1       
 23      
 50      
 21      
 37      
 10      
 59      
 49      
 20      
 44      
 60      
 45      
 42      
 2       
 16      
 61      
 53      
 23      
 59      
 51      
 57      
