 1       
 2       
 3       
 4       
 5       
 6       
 7       
 5       
 5       
 8       
 9       
 10      
 2       
 11      
 2       
 3       
 12      
 13      
 12      
 14      
 15      
 16      
 6       
 16      
 5       
 17      
 12      
 10      
 18      
 15      
 16      
 19      
 8       
 20      
 4       
 4       
 21      
 22      
 23      
 24      
 25      
 9       
 26      
 10      
 11      
 27      
 18      
 14      
 28      
 1       
 24      
 28      
 29      
 18      
 30      
 31      
 28      
 32      
 33      
 34      
 30      
 26      
 8       
 13      
 35      
 19      
 19      
 34      
