 1       
 1       
 1       
 2       
 1       
 3       
 4       
 2       
 3       
 5       
 6       
 4       
 7       
 6       
 4       
 8       
 3       
 8       
 4       
 9       
 10      
 2       
 2       
 2       
 3       
 1       
 3       
 5       
 3       
 8       
 6       
 6       
 7       
 11      
 10      
 5       
 11      
 5       
 4       
 5       
 6       
 5       
 4       
 6       
 2       
 11      
 2       
 4       
 4       
 6       
 1       
 3       
 1       
 1       
 12      
 8       
 9       
 1       
 5       
 5       
 5       
 12      
 6       
 1       
 9       
 9       
 3       
 9       
