 1       
 2       
 2       
 3       
 4       
 5       
 6       
 7       
 5       
 8       
 9       
 10      
 11      
 12      
 6       
 13      
 5       
 3       
 10      
 14      
 11      
 7       
 3       
 7       
 5       
 4       
 15      
 12      
 5       
 13      
 6       
 9       
 9       
 16      
 17      
 18      
 1       
 8       
 6       
 9       
 12      
 9       
 11      
 9       
 7       
 1       
 7       
 10      
 10      
 12      
 4       
 15      
 4       
 5       
 15      
 1       
 14      
 4       
 18      
 18      
 8       
 16      
 12      
 16      
 1       
 14      
 5       
 17      
