 1       
 2       
 3       
 4       
 1       
 5       
 6       
 7       
 8       
 4       
 9       
 6       
 6       
 10      
 10      
 7       
 11      
 12      
 2       
 2       
 11      
 13      
 7       
 5       
 1       
 12      
 1       
 3       
 6       
 5       
 10      
 1       
 8       
 14      
 12      
 14      
 15      
 11      
 6       
 1       
 5       
 4       
 7       
 12      
 2       
 5       
 7       
 6       
 4       
 4       
 8       
 2       
 8       
 3       
 12      
 14      
 6       
 6       
 13      
 12      
 15      
 12      
 12      
 5       
 4       
 13      
 9       
 12      
