 1       
 2       
 3       
 4       
 1       
 5       
 6       
 7       
 8       
 9       
 10      
 10      
 6       
 11      
 12      
 7       
 13      
 14      
 2       
 2       
 15      
 16      
 7       
 17      
 6       
 8       
 18      
 6       
 6       
 10      
 19      
 18      
 19      
 20      
 20      
 11      
 11      
 21      
 4       
 15      
 17      
 4       
 13      
 15      
 21      
 5       
 13      
 4       
 22      
 22      
 9       
 2       
 8       
 7       
 15      
 20      
 12      
 22      
 15      
 14      
 5       
 15      
 16      
 17      
 19      
 3       
 5       
 21      
