 1       
 2       
 3       
 4       
 5       
 2       
 6       
 1       
 5       
 7       
 8       
 8       
 9       
 10      
 2       
 9       
 3       
 11      
 3       
 11      
 11      
 10      
 5       
 2       
 4       
 12      
 3       
 1       
 13      
 7       
 2       
 7       
 6       
 10      
 14      
 15      
 14      
 16      
 11      
 17      
 13      
 7       
 5       
 18      
 10      
 5       
 2       
 5       
 5       
 4       
 15      
 18      
 19      
 17      
 9       
 13      
 13      
 20      
 21      
 2       
 21      
 2       
 9       
 16      
 12      
 21      
 20      
 2       
