 1       
 2       
 3       
 4       
 5       
 2       
 5       
 1       
 2       
 6       
 7       
 7       
 8       
 3       
 6       
 8       
 3       
 4       
 3       
 1       
 4       
 8       
 9       
 2       
 4       
 7       
 3       
 6       
 1       
 5       
 3       
 5       
 5       
 10      
 10      
 10      
 10      
 11      
 1       
 12      
 1       
 3       
 5       
 13      
 8       
 2       
 2       
 2       
 2       
 4       
 13      
 7       
 13      
 12      
 8       
 9       
 14      
 14      
 6       
 14      
 6       
 14      
 14      
 11      
 11      
 14      
 9       
 6       
