 1       
 2       
 3       
 4       
 5       
 6       
 7       
 7       
 1       
 7       
 2       
 1       
 7       
 2       
 8       
 1       
 1       
 9       
 10      
 10      
 6       
 9       
 4       
 6       
 11      
 7       
 1       
 5       
 8       
 5       
 1       
 5       
 7       
 11      
 12      
 9       
 13      
 11      
 14      
 14      
 14      
 2       
 2       
 3       
 2       
 2       
 2       
 3       
 3       
 3       
 13      
 12      
 12      
 13      
 6       
 13      
 10      
 9       
 9       
 4       
 10      
 4       
 6       
 10      
 1       
 5       
 10      
 6       
