 1       
 2       
 3       
 4       
 5       
 6       
 7       
 8       
 9       
 8       
 9       
 1       
 10      
 9       
 10      
 1       
 11      
 12      
 13      
 3       
 3       
 7       
 4       
 6       
 14      
 8       
 15      
 11      
 10      
 16      
 15      
 16      
 7       
 7       
 17      
 18      
 17      
 14      
 2       
 2       
 9       
 19      
 19      
 7       
 19      
 19      
 19      
 3       
 3       
 7       
 6       
 3       
 7       
 6       
 6       
 17      
 20      
 12      
 12      
 4       
 7       
 4       
 3       
 6       
 11      
 5       
 13      
 20      
