 1       
 2       
 3       
 4       
 5       
 6       
 4       
 7       
 8       
 9       
 10      
 11      
 12      
 1       
 2       
 3       
 13      
 14      
 7       
 9       
 15      
 16      
 17      
 18      
 2       
 19      
 7       
 20      
 3       
 1       
 21      
 4       
 17      
 22      
 20      
 1       
 19      
 15      
 23      
 24      
 25      
 26      
 13      
 27      
 1       
 28      
 28      
 29      
 27      
 25      
 30      
 31      
 32      
 31      
 32      
 33      
 34      
 31      
 33      
 18      
 33      
 35      
 36      
 37      
 38      
 36      
 39      
 40      
 2       
 26      
 41      
 36      
 21      
 35      
 36      
 11      
 42      
 11      
 38      
 7       
 43      
 17      
 16      
 44      
 45      
 46      
 6       
 42      
 42      
 38      
 40      
 47      
 48      
 4       
 16      
 37      
 35      
 11      
 35      
 49      
 42      
 7       
 50      
 27      
 51      
 24      
 52      
 53      
 52      
 26      
 52      
 51      
 30      
 54      
 5       
 23      
 53      
 9       
 54      
 50      
 51      
 9       
 22      
 1       
 53      
 26      
 10      
 27      
 10      
 55      
 48      
 5       
 21      
 50      
 11      
 54      
 56      
 50      
 8       
 57      
 58      
 23      
 58      
 49      
 59      
 44      
 57      
 55      
 60      
 43      
 59      
 59      
 11      
 37      
 21      
 59      
 43      
 30      
 14      
 4       
 51      
 56      
 42      
 4       
 32      
 20      
 61      
 3       
 2       
 54      
 46      
 6       
 56      
 62      
 57      
 22      
 9       
 18      
 30      
 29      
 13      
 25      
 14      
 26      
 26      
 63      
 63      
 40      
 64      
 43      
 63      
 2       
 10      
 20      
 53      
 8       
 4       
 62      
 52      
 24      
 52      
 18      
 29      
 27      
 22      
 65      
 65      
 60      
 45      
 66      
 58      
 66      
 45      
 9       
 67      
 67      
 67      
 68      
 45      
 66      
 66      
 44      
 60      
 17      
 46      
 68      
 59      
 16      
 16      
 57      
 60      
 6       
 61      
 48      
 12      
 63      
 11      
 44      
 60      
 17      
 42      
 60      
 38      
 47      
 68      
 7       
 44      
 16      
 46      
 12      
 67      
 9       
 4       
