 1       
 2       
 3       
 4       
 5       
 6       
 7       
 8       
 9       
 10      
 11      
 12      
 12      
 1       
 13      
 3       
 14      
 15      
 16      
 3       
 17      
 18      
 19      
 20      
 20      
 21      
 16      
 22      
 3       
 1       
 1       
 14      
 15      
 23      
 22      
 24      
 21      
 3       
 25      
 23      
 17      
 26      
 16      
 13      
 3       
 21      
 21      
 27      
 13      
 17      
 22      
 28      
 28      
 28      
 28      
 28      
 28      
 28      
 28      
 20      
 28      
 29      
 30      
 31      
 32      
 30      
 31      
 33      
 30      
 33      
 34      
 30      
 35      
 29      
 30      
 35      
 31      
 35      
 32      
 36      
 37      
 38      
 18      
 39      
 38      
 40      
 39      
 41      
 36      
 32      
 33      
 42      
 34      
 43      
 18      
 31      
 29      
 35      
 29      
 8       
 36      
 1       
 25      
 13      
 25      
 13      
 44      
 9       
 44      
 45      
 13      
 25      
 22      
 6       
 5       
 7       
 9       
 45      
 6       
 25      
 25      
 9       
 27      
 22      
 9       
 6       
 11      
 13      
 11      
 37      
 46      
 9       
 11      
 44      
 12      
 6       
 45      
 44      
 4       
 47      
 8       
 5       
 8       
 47      
 39      
 12      
 47      
 35      
 42      
 37      
 32      
 32      
 32      
 31      
 35      
 32      
 43      
 22      
 16      
 4       
 25      
 4       
 8       
 9       
 30      
 22      
 24      
 3       
 27      
 2       
 7       
 5       
 4       
 26      
 47      
 23      
 1       
 22      
 21      
 20      
 14      
 17      
 15      
 16      
 16      
 33      
 48      
 33      
 48      
 43      
 48      
 2       
 47      
 20      
 9       
 11      
 14      
 16      
 44      
 23      
 2       
 24      
 27      
 13      
 27      
 40      
 42      
 40      
 10      
 18      
 8       
 38      
 34      
 43      
 34      
 34      
 34      
 42      
 10      
 10      
 38      
 39      
 40      
 46      
 49      
 42      
 39      
 18      
 18      
 47      
 40      
 23      
 19      
 34      
 41      
 4       
 12      
 39      
 40      
 46      
 41      
 40      
 32      
 49      
 42      
 36      
 39      
 18      
 7       
 12      
 34      
 37      
 43      
