 1       
 2       
 3       
 4       
 5       
 6       
 7       
 1       
 8       
 9       
 10      
 5       
 11      
 12      
 3       
 13      
 13      
 14      
 1       
 14      
 15      
 16      
 17      
 13      
 18      
 19      
 19      
 8       
 20      
 20      
 21      
 22      
 4       
 9       
 19      
 17      
 6       
 1       
 5       
 16      
 16      
 13      
 20      
 23      
 10      
 21      
 24      
 5       
 24      
 12      
 10      
 17      
 4       
 22      
 4       
 15      
 23      
 4       
 12      
 8       
 14      
 25      
 19      
 14      
 7       
 13      
 5       
 9       
 11      
 1       
 17      
 5       
 15      
 15      
 16      
 12      
 6       
 6       
 19      
 1       
 15      
 9       
 14      
 23      
 22      
 18      
 8       
 25      
 11      
 18      
 23      
 1       
 17      
 3       
 20      
 23      
 15      
 25      
 25      
 14      
 4       
 23      
 15      
 16      
 2       
 13      
 26      
 18      
 17      
 25      
 7       
 7       
