 1       
 2       
 3       
 4       
 5       
 6       
 7       
 8       
 9       
 10      
 10      
 3       
 11      
 12      
 4       
 13      
 2       
 14      
 15      
 16      
 15      
 17      
 3       
 10      
 18      
 19      
 20      
 21      
 4       
 4       
 10      
 22      
 10      
 23      
 19      
 18      
 6       
 1       
 12      
 17      
 12      
 24      
 5       
 25      
 11      
 5       
 2       
 5       
 26      
 27      
 22      
 2       
 10      
 22      
 28      
 29      
 21      
 26      
 27      
 30      
 31      
 32      
 3       
 14      
 33      
 24      
 5       
 11      
 7       
 8       
 34      
 5       
 26      
 23      
 12      
 27      
 35      
 35      
 20      
 15      
 29      
 23      
 31      
 21      
 4       
 34      
 9       
 32      
 36      
 30      
 25      
 1       
 3       
 3       
 15      
 25      
 10      
 37      
 32      
 16      
 28      
 16      
 29      
 27      
 2       
 13      
 12      
 34      
 3       
 37      
 33      
 36      
