 1       
 2       
 3       
 4       
 5       
 6       
 5       
 5       
 2       
 7       
 8       
 9       
 10      
 1       
 7       
 10      
 10      
 11      
 10      
 5       
 7       
 11      
 6       
 11      
 11      
 1       
 10      
 9       
 2       
 7       
 11      
 8       
 7       
 12      
 4       
 4       
 12      
 6       
 13      
 1       
 5       
 8       
 13      
 9       
 1       
 3       
 2       
 5       
 9       
 3       
 3       
 9       
 7       
 2       
 8       
 13      
 9       
 14      
 14      
 13      
 9       
 4       
 2       
 11      
 14      
 8       
 8       
 13      
