 1       
 2       
 3       
 4       
 5       
 6       
 7       
 5       
 5       
 8       
 9       
 10      
 2       
 11      
 2       
 3       
 12      
 3       
 12      
 13      
 14      
 15      
 6       
 15      
 5       
 16      
 12      
 10      
 15      
 14      
 15      
 17      
 8       
 7       
 4       
 4       
 18      
 16      
 6       
 19      
 20      
 9       
 21      
 10      
 11      
 7       
 15      
 13      
 22      
 1       
 19      
 22      
 20      
 15      
 23      
 24      
 22      
 6       
 20      
 25      
 23      
 21      
 8       
 3       
 7       
 17      
 17      
 25      
