$`Hit Ratio`
     MCL.01    MCL.05 MCL.1 HF.01     HF.05 HF.1  CW.01     CW.05 CW.1 
[1,] 0.969     0.965  0.951 0.987     0.976 0.969 0.94      0.943 0.956
[2,] 1         0.965  0.949 0.9877551 0.976 0.963 0.9173469 0.94  0.946
[3,] 0.978     0.98   0.948 0.966     0.943 0.936 0.94      0.943 0.956
[4,] 0.9867347 0.948  0.916 0.9908163 0.982 0.969 0.9173469 0.94  0.946

$H
     MCL.01    MCL.05    MCL.1     HF.01     HF.05     HF.1      CW.01     CW.05    
[1,] 0.94      0.98      0.9733333 0.9633333 0.9266667 0.9       0.9366667 0.9333333
[2,] 1         0.9666667 0.9733333 0.9591837 0.94      0.91      0.8027211 0.82     
[3,] 0.9533333 0.9833333 0.9766667 0.9333333 0.8933333 0.8466667 0.9366667 0.9333333
[4,] 0.9897959 0.9766667 0.9833333 0.9693878 0.9466667 0.9166667 0.8027211 0.82     
     CW.1     
[1,] 0.9433333
[2,] 0.8266667
[3,] 0.9433333
[4,] 0.8266667

$F
     MCL.01     MCL.05     MCL.1      HF.01       HF.05       HF.1        CW.01     
[1,] 0.01857143 0.04142857 0.05857143 0.002857143 0.002857143 0.001428571 0.05857143
[2,] 0          0.03571429 0.06142857 0           0.008571429 0.01428571  0.0335277 
[3,] 0.01142857 0.02142857 0.06428571 0.02        0.03571429  0.02571429  0.05857143
[4,] 0.01457726 0.06428571 0.1128571  0           0.002857143 0.008571429 0.0335277 
     CW.05       CW.1       
[1,] 0.05285714  0.03857143 
[2,] 0.008571429 0.002857143
[3,] 0.05285714  0.03857143 
[4,] 0.008571429 0.002857143

$KS
     MCL.01    MCL.05    MCL.1     HF.01     HF.05     HF.1      CW.01     CW.05    
[1,] 0.9214286 0.9385714 0.9147619 0.9604762 0.9238095 0.8985714 0.8780952 0.8804762
[2,] 1         0.9309524 0.9119048 0.9591837 0.9314286 0.8957143 0.7691934 0.8114286
[3,] 0.9419048 0.9619048 0.912381  0.9133333 0.857619  0.8209524 0.8780952 0.8804762
[4,] 0.9752187 0.912381  0.8704762 0.9693878 0.9438095 0.9080952 0.7691934 0.8114286
     CW.1     
[1,] 0.9047619
[2,] 0.8238095
[3,] 0.9047619
[4,] 0.8238095

$PT
     MCL.01   MCL.05   MCL.1    HF.01    HF.05    HF.1     CW.01    CW.05    CW.1    
[1,] 2.929429 2.910038 2.814167 3.065801 2.983074 2.931103 2.724744 2.743497 2.836324
[2,] 3.163892 2.90572  2.801194 3.071899 2.982224 2.882993 2.529155 2.709731 2.758374
[3,] 2.997491 3.01546  2.796506 2.906566 2.731982 2.674821 2.724744 2.743497 2.836324
[4,] 3.065076 2.796506 2.60832  3.094854 3.028162 2.929144 2.529155 2.709731 2.758374

$Perfect
     MCL.01    MCL.05 MCL.1 HF.01     HF.05 HF.1 CW.01     CW.05 CW.1
[1,] 0.9       0.94   0.9   0.87      0.78  0.71 0.81      0.85  0.87
[2,] 1         0.92   0.84  0.9081633 0.82  0.72 0.6428571 0.7   0.72
[3,] 0.94      0.92   0.87  0.82      0.68  0.56 0.81      0.85  0.87
[4,] 0.9693878 0.9    0.83  0.9285714 0.84  0.74 0.6428571 0.7   0.72

