[[Hit Ratio]]
     adf.01 adf.05 adf.1 A.01  A.05  A.1  
[1,] 0.969  0.965  0.951 0.94  0.943 0.956
[2,] 1      0.965  0.949 0.911 0.94  0.946
[3,] 0.978  0.98   0.948 0.94  0.943 0.956
[4,] 0.987  0.948  0.916 0.911 0.94  0.946

[[H]]
     adf.01    adf.05    adf.1     A.01      A.05      A.1      
[1,] 0.94      0.98      0.9733333 0.9366667 0.9333333 0.9433333
[2,] 1         0.9666667 0.9733333 0.7866667 0.82      0.8266667
[3,] 0.9533333 0.9833333 0.9766667 0.9366667 0.9333333 0.9433333
[4,] 0.99      0.9766667 0.9833333 0.7866667 0.82      0.8266667

[[F]]
     adf.01     adf.05     adf.1      A.01       A.05        A.1        
[1,] 0.01857143 0.04142857 0.05857143 0.05857143 0.05285714  0.03857143 
[2,] 0          0.03571429 0.06142857 0.03571429 0.008571429 0.002857143
[3,] 0.01142857 0.02142857 0.06428571 0.05857143 0.05285714  0.03857143 
[4,] 0.01428571 0.06428571 0.1128571  0.03571429 0.008571429 0.002857143

[[KS]]
     adf.01    adf.05    adf.1     A.01      A.05      A.1      
[1,] 0.9214286 0.9385714 0.9147619 0.8780952 0.8804762 0.9047619
[2,] 1         0.9309524 0.9119048 0.7509524 0.8114286 0.8238095
[3,] 0.9419048 0.9619048 0.912381  0.8780952 0.8804762 0.9047619
[4,] 0.9757143 0.912381  0.8704762 0.7509524 0.8114286 0.8238095

[[PT]]
     adf.01   adf.05   adf.1    A.01     A.05     A.1     
[1,] 29.29429 29.10038 28.14167 27.24744 27.43497 28.36324
[2,] 31.6386  29.0572  28.01194 24.94764 27.09731 27.58374
[3,] 29.97491 30.1546  27.96506 27.24744 27.43497 28.36324
[4,] 30.67    27.96506 26.0832  24.94764 27.09731 27.58374

[[Perfect]]
     adf.01 adf.05 adf.1 A.01 A.05 A.1
[1,] 90     94     90    81   85   87 
[2,] 100    92     84    63   70   72 
[3,] 94     92     87    81   85   87 
[4,] 97     90     83    63   70   72 

