[[1]]
    MCL.01   MCL.05    MCL.1     HF.01     HF.05     HF.1      CW.01    
50  0.969    0.965     0.951     0.987     0.976     0.969     0.94     
100 1        0.971     0.957     0.9878788 0.976     0.963     0.9191919
50  0.977551 0.9808081 0.9515152 0.9653061 0.9424242 0.9353535 0.944898 
100 0.987    0.948     0.916     0.991     0.982     0.969     0.918    
    CW.05     CW.1     
50  0.957     0.955    
100 0.939     0.946    
50  0.9505051 0.9434343
100 0.93      0.93     

[[2]]
    MCL.01   MCL.05    MCL.1     HF.01     HF.05     HF.1      CW.01    
50  0.94     0.98      0.9733333 0.9633333 0.9266667 0.9       0.9366667
100 1        0.9766667 0.9866667 0.959596  0.94      0.91      0.7979798
50  0.952381 0.983165  0.976431  0.9319728 0.8922559 0.8451178 0.8673469
100 0.99     0.9766667 0.9833333 0.97      0.9466667 0.9166667 0.7533333
    CW.05     CW.1     
50  0.9533333 0.9433333
100 0.82      0.8266667
50  0.8754209 0.8653199
100 0.7666667 0.7866667

[[3]]
    MCL.01     MCL.05     MCL.1      HF.01       HF.05       HF.1       
50  0.01857143 0.04142857 0.05857143 0.002857143 0.002857143 0.001428571
100 0          0.03142857 0.05571429 0           0.008571429 0.01428571 
50  0.01166181 0.02020202 0.05916306 0.02040816  0.03607504  0.02597403 
100 0.01428571 0.06428571 0.1128571  0           0.002857143 0.008571429
    CW.01      CW.05      CW.1       
50  0.05857143 0.04142857 0.04       
100 0.02886003 0.01       0.002857143
50  0.02186589 0.01731602 0.02308802 
100 0.01142857 0          0.008571429

[[4]]
    MCL.01    MCL.05    MCL.1     HF.01     HF.05     HF.1      CW.01    
50  0.9214286 0.9385714 0.9147619 0.9604762 0.9238095 0.8985714 0.8780952
100 1         0.9452381 0.9309524 0.959596  0.9314286 0.8957143 0.7691198
50  0.9407191 0.962963  0.9172679 0.9115646 0.8561809 0.8191438 0.845481 
100 0.9757143 0.912381  0.8704762 0.97      0.9438095 0.9080952 0.7419048
    CW.05     CW.1     
50  0.9119048 0.9033333
100 0.81      0.8238095
50  0.8581049 0.8422318
100 0.7666667 0.7780952

[[5]]
    MCL.01   MCL.05   MCL.1    HF.01    HF.05    HF.1     CW.01    CW.05   
50  2.929429 2.910038 2.814167 3.065801 2.983074 2.931103 2.724744 2.846268
100 3.163876 2.950309 2.859704 3.07281  2.982224 2.882993 2.543547 2.701415
50  2.994112 3.021239 2.819057 2.90132  2.727607 2.669812 2.743786 2.787135
100 3.067    2.796506 2.60832  3.0962   3.028162 2.929144 2.540696 2.641339
    CW.1    
50  2.82934 
100 2.758374
50  2.732468
100 2.63401 

[[6]]
    MCL.01    MCL.05    MCL.1     HF.01     HF.05     HF.1      CW.01    
50  0.9       0.94      0.9       0.87      0.78      0.71      0.81     
100 1         0.92      0.85      0.9090909 0.82      0.72      0.6363636
50  0.9387755 0.9292929 0.8787879 0.8163265 0.6767677 0.5555556 0.7755102
100 0.97      0.9       0.83      0.93      0.84      0.74      0.59     
    CW.05     CW.1     
50  0.86      0.87     
100 0.71      0.72     
50  0.7979798 0.7979798
100 0.65      0.67     

