[[1]]
    MCL.01    MCL.05    MCL.1     HF.01     HF.05     HF.1      CW.01    
50  0.9777778 0.992     0.983     0.9545455 0.9295    0.918     0.929798 
100 0.9979592 0.9945    0.9735    0.9785714 0.966     0.955     0.897449 
50  0.9742424 0.9843434 0.9656566 0.9419192 0.9323232 0.9166667 0.9510101
100 0.996     0.9805    0.9725    0.9775    0.963     0.9525    0.906    
    CW.05     CW.1     
50  0.9455    0.9355   
100 0.908     0.9115   
50  0.9525253 0.9626263
100 0.925     0.926    

[[2]]
    MCL.01    MCL.05    MCL.1     HF.01     HF.05     HF.1      CW.01    
50  0.9365079 0.9942857 0.9971429 0.8831169 0.81      0.7714286 0.8989899
100 0.9985423 0.9985714 0.9957143 0.9431487 0.9028571 0.8714286 0.7798834
50  0.9365079 0.994228  0.992785  0.8556999 0.8152958 0.7705628 0.9191919
100 0.9985714 0.9985714 0.9985714 0.9442857 0.9028571 0.8714286 0.81     
    CW.05     CW.1     
50  0.92      0.91     
100 0.82      0.8371429
50  0.9191919 0.9292929
100 0.82      0.82     

[[3]]
    MCL.01      MCL.05      MCL.1      HF.01       HF.05       HF.1       
50  0           0.009230769 0.02461538 0.006993007 0.006153846 0.003076923
100 0.002354788 0.007692308 0.03846154 0.002354788 0           0          
50  0.005439005 0.02097902  0.04895105 0.01165501  0.004662005 0.004662005
100 0.005384615 0.02923077  0.04153846 0.004615385 0.004615385 0.003846154
    CW.01      CW.05      CW.1      
50  0.05361305 0.04076923 0.05076923
100 0.03924647 0.04461538 0.04846154
50  0.03185703 0.02952603 0.01942502
100 0.04230769 0.01846154 0.01692308

[[4]]
    MCL.01    MCL.05    MCL.1     HF.01     HF.05     HF.1      CW.01    
50  0.9365079 0.9850549 0.9725275 0.8761239 0.8038462 0.7683516 0.8453768
100 0.9961875 0.9908791 0.9572527 0.9407939 0.9028571 0.8714286 0.7406369
50  0.9310689 0.973249  0.9438339 0.8440448 0.8106338 0.7659008 0.8873349
100 0.9931868 0.9693407 0.957033  0.9396703 0.8982418 0.8675824 0.7676923
    CW.05     CW.1     
50  0.8792308 0.8592308
100 0.7753846 0.7886813
50  0.8896659 0.9098679
100 0.8015385 0.8030769

[[5]]
    MCL.01   MCL.05   MCL.1    HF.01    HF.05    HF.1     CW.01    CW.05   
50  4.256775 4.39498  4.310056 4.028938 3.789447 3.684039 3.782857 3.936938
100 4.453238 4.419557 4.222164 4.263583 4.143447 4.038348 3.453414 3.558442
50  4.220525 4.321898 4.150307 3.904067 3.817963 3.66923  3.989769 4.004519
100 4.434103 4.287314 4.214446 4.252475 4.111863 4.011369 3.538439 3.73546 
    CW.1    
50  3.839781
100 3.594147
50  4.104351
100 3.746233

[[6]]
    MCL.01    MCL.05    MCL.1     HF.01     HF.05     HF.1      CW.01    
50  0.6262626 0.92      0.89      0.6060606 0.42      0.3       0.8383838
100 0.9693878 0.95      0.87      0.7346939 0.6       0.48      0.6428571
50  0.6060606 0.8888889 0.8888889 0.5757576 0.4141414 0.2929293 0.8686869
100 0.96      0.93      0.9       0.75      0.6       0.48      0.72     
    CW.05     CW.1     
50  0.86      0.86     
100 0.72      0.75     
50  0.8787879 0.8888889
100 0.75      0.76     

