[[1]]
    MCL.01    MCL.05 MCL.1  HF.01     HF.05  HF.1  CW.01     CW.05 CW.1  
50  0.9915    0.988  0.976  0.972     0.97   0.955 0.9365    0.952 0.962 
100 0.999     0.993  0.966  0.986     0.9795 0.974 0.9195    0.927 0.95  
50  0.9855    0.9805 0.9655 0.9705    0.9675 0.956 0.958     0.957 0.9655
100 0.9949495 0.9805 0.966  0.9883838 0.977  0.972 0.9207071 0.938 0.95  

[[2]]
    MCL.01    MCL.05 MCL.1 HF.01     HF.05 HF.1  CW.01     CW.05 CW.1 
50  0.968     0.984  0.98  0.914     0.888 0.832 0.916     0.926 0.936
100 1         0.994  0.978 0.964     0.918 0.896 0.798     0.812 0.848
50  0.962     0.984  0.99  0.916     0.886 0.838 0.936     0.934 0.944
100 0.9939394 0.998  0.984 0.9616162 0.916 0.896 0.7939394 0.816 0.84 

[[3]]
    MCL.01       MCL.05      MCL.1      HF.01       HF.05       HF.1       
50  0.0006666667 0.01066667  0.02533333 0.008666667 0.002666667 0.004      
100 0.001333333  0.007333333 0.038      0.006666667 0           0          
50  0.006666667  0.02066667  0.04266667 0.01133333  0.005333333 0.004666667
100 0.004713805  0.02533333  0.04       0.002693603 0.002666667 0.002666667
    CW.01      CW.05      CW.1      
50  0.05666667 0.03933333 0.02933333
100 0.04       0.03466667 0.016     
50  0.03466667 0.03533333 0.02733333
100 0.03703704 0.02133333 0.01333333

[[4]]
    MCL.01    MCL.05    MCL.1     HF.01     HF.05     HF.1      CW.01    
50  0.9673333 0.9733333 0.9546667 0.9053333 0.8853333 0.828     0.8593333
100 0.9986667 0.9866667 0.94      0.9573333 0.918     0.896     0.758    
50  0.9553333 0.9633333 0.9473333 0.9046667 0.8806667 0.8333333 0.9013333
100 0.9892256 0.9726667 0.944     0.9589226 0.9133333 0.8933333 0.7569024
    CW.05     CW.1     
50  0.8866667 0.9066667
100 0.7773333 0.832    
50  0.8986667 0.9166667
100 0.7946667 0.8266667

[[5]]
    MCL.01   MCL.05   MCL.1    HF.01    HF.05    HF.1     CW.01    CW.05   
50  4.371729 4.331113 4.195031 4.135882 4.113165 3.930745 3.74271  3.910589
100 4.461357 4.390444 4.08699  4.305605 4.228528 4.162722 3.49153  3.583328
50  4.299558 4.246095 4.089019 4.117761 4.081801 3.942447 3.980221 3.968445
100 4.413245 4.251175 4.090462 4.334189 4.197439 4.137262 3.503983 3.715785
    CW.1    
50  4.024069
100 3.865384
50  4.065851
100 3.865414

[[6]]
    MCL.01   MCL.05 MCL.1 HF.01     HF.05 HF.1 CW.01     CW.05 CW.1
50  0.84     0.9    0.87  0.76      0.62  0.46 0.83      0.84  0.87
100 0.98     0.93   0.86  0.83      0.69  0.61 0.69      0.74  0.78
50  0.83     0.9    0.89  0.74      0.61  0.46 0.85      0.87  0.88
100 0.979798 0.93   0.9   0.8383838 0.68  0.61 0.7070707 0.74  0.78

