[[1]]
    MCL.01    MCL.05 MCL.1  HF.01     HF.05  HF.1   CW.01     CW.05  CW.1  
50  0.978     0.946  0.9365 0.968     0.9655 0.9605 0.935     0.9395 0.9535
100 0.9722222 0.9365 0.8855 0.9818182 0.978  0.969  0.9186869 0.9415 0.958 
50  0.9666667 0.9555 0.936  0.9676768 0.966  0.963  0.9282828 0.9445 0.953 
100 0.9887755 0.9555 0.927  0.9897959 0.976  0.9785 0.9204082 0.9405 0.959 

[[2]]
    MCL.01    MCL.05    MCL.1     HF.01     HF.05     HF.1      CW.01    
50  0.9233333 0.85      0.8633333 0.9033333 0.8666667 0.8166667 0.8666667
100 0.9191919 0.8266667 0.7433333 0.9393939 0.9033333 0.8533333 0.7474747
50  0.9023569 0.9133333 0.9066667 0.9124579 0.8633333 0.8166667 0.8787879
100 0.9727891 0.93      0.8733333 0.9557823 0.8966667 0.8933333 0.7891156
    CW.05     CW.1     
50  0.8666667 0.9066667
100 0.7866667 0.8066667
50  0.9       0.92     
100 0.7933333 0.8433333

[[3]]
    MCL.01      MCL.05     MCL.1      HF.01       HF.05       HF.1       
50  0.01235294  0.03705882 0.05058824 0.02058824  0.01705882  0.01411765 
100 0.01841949  0.04411765 0.08941176 0.01069519  0.008823529 0.01058824 
50  0.02198455  0.03705882 0.05882353 0.02257873  0.01588235  0.01117647 
100 0.008403361 0.04       0.06352941 0.004201681 0.01        0.006470588
    CW.01      CW.05      CW.1      
50  0.05294118 0.04764706 0.03823529
100 0.05109923 0.03117647 0.01529412
50  0.06298277 0.04764706 0.04117647
100 0.05642257 0.03352941 0.02058824

[[4]]
    MCL.01    MCL.05    MCL.1     HF.01     HF.05     HF.1      CW.01    
50  0.9109804 0.8129412 0.8127451 0.8827451 0.8496078 0.802549  0.8137255
100 0.9007724 0.782549  0.6539216 0.9286988 0.8945098 0.8427451 0.6963755
50  0.8803724 0.8762745 0.8478431 0.8898792 0.847451  0.8054902 0.8158051
100 0.9643858 0.89      0.8098039 0.9515806 0.8866667 0.8868627 0.7326931
    CW.05     CW.1     
50  0.8190196 0.8684314
100 0.7554902 0.7913725
50  0.8523529 0.8788235
100 0.7598039 0.8227451

[[5]]
    MCL.01   MCL.05   MCL.1    HF.01    HF.05    HF.1     CW.01    CW.05   
50  4.086296 3.550923 3.436011 3.916757 3.859698 3.757124 3.420666 3.478585
100 3.991042 3.396663 2.676036 4.154316 4.081364 3.914797 3.068987 3.432129
50  3.895418 3.739278 3.480371 3.916594 3.86665  3.80095  3.353368 3.579021
100 4.278318 3.754028 3.331148 4.293072 4.045579 4.088581 3.142854 3.422449
    CW.1    
50  3.70581 
100 3.710636
50  3.711116
100 3.743052

[[6]]
    MCL.01    MCL.05 MCL.1 HF.01     HF.05 HF.1 CW.01     CW.05 CW.1
50  0.91      0.83   0.79  0.85      0.73  0.59 0.77      0.78  0.83
100 0.9090909 0.8    0.68  0.8585859 0.8   0.73 0.5858586 0.68  0.72
50  0.8686869 0.86   0.83  0.8484848 0.72  0.58 0.8080808 0.84  0.85
100 0.9591837 0.87   0.79  0.877551  0.8   0.74 0.6632653 0.69  0.76

