 1       
 2       
 3       
 3       
 4       
 5       
 6       
 7       
 8       
 9       
 10      
 10      
 1       
 11      
 10      
 1       
 12      
 13      
 1       
 14      
 15      
 8       
 8       
 16      
 17      
 6       
 11      
 18      
 6       
 19      
 20      
 12      
 17      
 21      
 22      
 23      
 21      
 18      
 1       
 13      
 19      
 24      
 20      
 25      
 16      
 26      
 8       
 4       
 27      
 18      
 28      
 23      
 28      
 23      
 29      
 22      
 30      
 10      
 24      
 10      
 30      
 9       
 31      
 14      
 14      
 6       
 22      
