 1       
 2       
 3       
 4       
 5       
 6       
 7       
 8       
 9       
 10      
 11      
 12      
 13      
 13      
 14      
 15      
 16      
 17      
 18      
 18      
 18      
 19      
 20      
 4       
 2       
 10      
 21      
 13      
 2       
 4       
 22      
 21      
 23      
 24      
 25      
 24      
 26      
 3       
 27      
 5       
 7       
 21      
 16      
 28      
 16      
 17      
 16      
 6       
 22      
 27      
 29      
 20      
 10      
 13      
 24      
 14      
 22      
 31      
 19      
 26      
 32      
 19      
 5       
 11      
 33      
 30      
 34      
