 1       
 2       
 3       
 4       
 5       
 6       
 7       
 8       
 6       
 4       
 9       
 9       
 10      
 11      
 12      
 13      
 12      
 14      
 15      
 16      
 17      
 3       
 18      
 10      
 19      
 20      
 11      
 2       
 21      
 5       
 12      
 5       
 1       
 22      
 23      
 24      
 23      
 25      
 2       
 26      
 8       
 1       
 1       
 27      
 6       
 18      
 18      
 18      
 18      
 17      
 28      
 29      
 27      
 26      
 30      
 31      
 32      
 33      
 34      
 33      
 34      
 35      
 36      
 37      
 33      
 32      
 38      
