 1       
 2       
 3       
 4       
 5       
 6       
 7       
 8       
 9       
 10      
 11      
 12      
 8       
 9       
 10      
 12      
 13      
 14      
 4       
 15      
 16      
 4       
 4       
 14      
 17      
 12      
 13      
 18      
 19      
 18      
 19      
 5       
 10      
 20      
 17      
 21      
 17      
 22      
 9       
 23      
 23      
 2       
 2       
 24      
 2       
 11      
 9       
 3       
 3       
 25      
 26      
 27      
 28      
 26      
 29      
 30      
 31      
 31      
 32      
 14      
 31      
 6       
 15      
 33      
 33      
 15      
 30      
