 1       
 2       
 3       
 3       
 4       
 5       
 6       
 7       
 8       
 9       
 10      
 10      
 1       
 11      
 10      
 1       
 12      
 13      
 1       
 14      
 7       
 8       
 8       
 15      
 16      
 6       
 11      
 17      
 6       
 16      
 18      
 12      
 16      
 19      
 20      
 2       
 19      
 17      
 1       
 13      
 16      
 21      
 18      
 15      
 15      
 2       
 8       
 4       
 2       
 17      
 22      
 2       
 22      
 2       
 3       
 20      
 23      
 10      
 21      
 10      
 23      
 9       
 19      
 14      
 14      
 6       
 20      
