 1       
 2       
 3       
 4       
 5       
 6       
 7       
 8       
 8       
 9       
 10      
 8       
 11      
 11      
 12      
 8       
 13      
 14      
 15      
 15      
 15      
 16      
 17      
 4       
 2       
 9       
 18      
 11      
 2       
 4       
 19      
 18      
 17      
 20      
 21      
 20      
 22      
 3       
 23      
 5       
 7       
 18      
 13      
 21      
 13      
 14      
 13      
 6       
 19      
 23      
 1       
 17      
 9       
 11      
 20      
 12      
 19      
 21      
 16      
 22      
 23      
 16      
 5       
 10      
 23      
 6       
 6       
