 1       
 2       
 3       
 4       
 5       
 6       
 7       
 8       
 6       
 4       
 9       
 9       
 7       
 10      
 11      
 7       
 11      
 12      
 13      
 14      
 15      
 3       
 16      
 7       
 17      
 7       
 10      
 2       
 18      
 5       
 11      
 5       
 1       
 17      
 19      
 12      
 19      
 20      
 2       
 21      
 8       
 1       
 1       
 22      
 6       
 16      
 16      
 16      
 16      
 15      
 23      
 24      
 22      
 21      
 13      
 13      
 25      
 26      
 17      
 26      
 17      
 7       
 7       
 27      
 26      
 25      
 17      
