 1       
 2       
 3       
 4       
 5       
 6       
 3       
 7       
 8       
 9       
 10      
 11      
 7       
 8       
 9       
 11      
 12      
 13      
 4       
 14      
 2       
 4       
 4       
 13      
 15      
 11      
 12      
 1       
 16      
 1       
 16      
 5       
 9       
 3       
 15      
 17      
 15      
 18      
 8       
 19      
 19      
 2       
 2       
 2       
 2       
 10      
 8       
 3       
 3       
 10      
 11      
 3       
 19      
 11      
 18      
 20      
 10      
 10      
 10      
 13      
 10      
 6       
 14      
 21      
 21      
 14      
 20      
