Year	Ybeijing	Ytianjin	Yhebei	Yshanxi	Ymongo	Yliaoning	YJilin	YHLJ	Yshanghai	Yjiangsu	YZJ	YAH	YFJ	YJX	YSD	YHenan	YHubei	Yhunan	Yguangdong	YGangxi	YSichuan	YGuiz	Yyuannan	Yshanxi	YGansu	YQinghai	YNXia	Yxinjiang
1952	6.593872465	6.67971582	5.951078236	5.957084893	6.272424377	6.258227122	6.270800984	6.8968478	7.011427321	6.178100379	6.042840339	6.196038297	6.052872242	6.153420184	5.791816079	5.960637244	5.999096945	6.035081452	6.252689495	5.781764839	5.754822981	5.576444739	5.743470698	5.541783519	5.794713036	6.00809544	5.704356894	6.485605005
1953	7.351261214	6.916832289	5.925603026	6.089138863	6.366424032	6.472822619	6.289934624	6.958107674	7.265354809	6.224177434	6.111340537	6.174807331	6.137734876	6.143058724	5.792702567	6.01601743	6.11004609	6.092025456	6.367046861	5.849264559	5.864675038	5.774331129	5.911420262	5.698288612	5.811167819	6.007473296	5.670519282	6.516300586
1954	7.325812549	6.834646073	5.961916189	6.158334828	6.488555485	6.508260596	6.324551961	7.02717684	7.222528423	6.205718543	6.121896833	6.178625374	6.153530276	6.140459975	5.898067833	6.038557535	5.913913348	6.050457768	6.425080771	5.956625451	5.958353567	5.812690595	6.030901704	5.801111386	5.943356629	6.245971196	5.866580406	6.616268991
1955	7.417258523	6.840685295	6.027085533	6.16784156	6.339836646	6.541942683	6.330241262	7.020730128	7.284158892	6.287615879	6.178510761	6.405193234	6.2262443	6.180776339	5.964960317	6.082496249	6.137612583	6.207505226	6.422731261	6.027441112	5.996433688	5.872417227	6.093977362	5.78913848	5.985905132	6.426988364	5.872972057	6.686042807
1956	7.392627808	7.012318773	6.048485178	6.329974432	6.604890883	6.754463563	6.459336256	7.03880829	7.478024499	6.282384316	6.227641978	6.245975158	6.423354563	6.140823759	6.060777495	6.078150458	6.380942913	6.250183924	6.478764495	6.102113047	6.083760782	6.020863708	6.236358728	6.002747888	5.972977097	6.591413226	6.018732152	6.789946352
1957	7.573312524	7.094585421	6.090080454	6.382105242	6.665789977	6.798608299	6.451186398	7.08150984	7.47134747	6.263648086	6.295045946	6.421158623	6.451677236	6.345582154	6.003134186	6.143805866	6.419434233	6.363865188	6.542632606	6.193055826	6.177696303	6.065788162	6.202928954	5.934470235	5.903270823	6.539349417	5.933843457	6.739096272
1958	7.182863734	7.322011759	6.272178691	6.678426608	6.839289775	7.140504014	6.674446923	7.396356755	7.664082123	6.233804631	6.433936248	6.458709841	6.512834255	6.405214678	6.165484963	6.214415341	6.601311964	6.525419597	6.61787838	6.314815897	6.287870926	6.230171522	6.259795092	6.170050538	6.040696729	6.639355623	6.196251337	6.959349051
1959	7.430475658	7.504497622	6.410072226	6.793112652	6.970296582	7.32771965	6.817748869	7.476149089	7.659893236	6.228315467	6.491221332	6.396687284	6.64814986	6.431081678	6.212822014	6.181840899	6.551731658	6.604538503	6.623470062	6.389583386	6.2150598	6.259273731	6.348851448	6.213181317	6.053914479	6.847541714	6.433662005	6.997944346
1960	7.57535174	7.509185248	6.396096479	6.799092296	6.813690889	7.410454016	6.844591013	7.477659762	7.888532584	6.273991981	6.45849624	6.45683966	6.646070056	6.454203345	6.120026788	6.182187871	6.558362187	6.628253832	6.585094926	6.390563569	6.112180594	6.28019039	6.324225641	6.219457874	5.814155559	6.982437637	6.468244858	7.09779232
1961	7.06975376	7.064459426	5.929836033	6.370330752	6.411303157	6.579910215	6.458388523	6.82939987	7.42553978	6.160409631	6.205085318	6.138206947	6.297493235	6.311936785	5.85811378	5.664430093	6.191966766	6.207097606	6.331032003	6.242249459	5.876734552	5.823417079	6.161421841	5.800722173	5.372636181	6.695475684	6.207084795	6.963584642
1962	6.818974015	6.887465931	5.797955477	6.258884466	6.349138153	6.45937167	6.385987729	6.857941237	7.120082244	6.06876683	6.200107675	6.158159719	6.257508696	6.212549137	5.801648736	5.641293026	6.172746991	6.210690716	6.405162456	6.219280743	5.896279578	5.676917344	6.112163135	5.673015559	5.401563716	6.586210536	6.118286532	6.730737511
1963	6.843937318	6.942262027	5.733543675	6.299338786	6.492924194	6.501882942	6.495839556	6.950976334	7.222169251	6.17540642	6.264363009	6.164664507	6.272439747	6.203868062	5.877126533	5.61803822	6.245061058	6.142600284	6.510821996	6.240302575	5.962448993	5.73566448	6.126613396	5.738318623	5.635708184	6.649207692	6.255343706	6.859326838
1964	6.958683299	7.06572204	5.955930773	6.427075513	6.585315809	6.627101163	6.520836041	7.049468334	7.362382565	6.311407831	6.368958014	6.332432384	6.412888632	6.255928903	5.981330654	5.890032673	6.336531133	6.296223785	6.62001703	6.278553953	6.067258704	5.868301637	6.229403802	5.830472311	5.815289556	6.7223563	6.311825147	6.943399874
1965	7.096397836	7.247847652	6.139864479	6.573809148	6.645861996	6.805781245	6.618494142	7.156795746	7.559194452	6.355481005	6.438869188	6.466318514	6.483832133	6.367109193	6.161624826	6.081891147	6.47789191	6.38905281	6.69980484	6.338418223	6.183340357	6.009492256	6.348223337	6.087368149	5.994278428	6.791131756	6.412806042	7.014825273
1966	7.208261121	7.303310402	6.229975676	6.624318623	6.715275831	6.903500937	6.673999381	7.285921321	7.675114151	6.48858223	6.434274739	6.489369255	6.563414205	6.397148216	6.288409252	6.243375751	6.48274591	6.482148412	6.708665776	6.308030379	6.289507876	5.94860626	6.408012695	6.162804663	5.944099108	6.813006923	6.528313204	7.067902178
1967	7.063956376	7.160397114	6.18062146	6.503674681	6.502192736	6.706590962	6.5719509	7.241220182	7.579481704	6.379297942	6.376866138	6.460876036	6.442366475	6.316719282	6.291349463	6.26517562	6.399592195	6.457373547	6.685414247	6.271488239	6.152750753	5.867169505	6.301374582	6.056345874	5.74625096	6.842130679	6.439437198	6.858528071
1968	7.059327539	7.228768928	6.176835143	6.301421989	6.472433964	6.683894696	6.521290605	7.182249676	7.707575017	6.379725393	6.316856143	6.427930566	6.29464053	6.329115252	6.261719939	6.142578056	6.28666937	6.41550413	6.553539072	6.132025837	5.822226057	5.724945616	5.993353278	5.754931111	5.82718409	6.72542465	6.35660105	6.718252781
1969	7.398888409	7.438651359	6.318359311	6.466791934	6.44626437	6.924582749	6.578503596	7.268159339	7.860937052	6.423062526	6.426486901	6.378092046	6.448554276	6.419518475	6.307839874	6.203136023	6.293101826	6.488483325	6.670199222	6.335597361	5.999103701	5.679651468	6.247001295	6.096452323	5.964598345	6.801036742	6.527584993	6.697210911
1970	7.76093371	7.596852019	6.455428669	6.655192167	6.634703995	7.131794614	6.788273142	7.385337736	7.994950769	6.536304676	6.506245259	6.538876222	6.515874959	6.463189174	6.425965103	6.334766755	6.505039963	6.62282503	6.745419678	6.444818972	6.201738303	5.948390571	6.350795343	6.287181599	6.132734006	6.940374566	6.656409931	6.821562116
1971	7.839877874	7.667831855	6.487484768	6.719302743	6.613458024	7.214651874	6.841743826	7.372324378	8.059519359	6.640632089	6.528191461	6.577067113	6.6172779	6.518258513	6.551405309	6.356849773	6.608542314	6.651425745	6.744146482	6.57040463	6.233295216	6.135936762	6.390577321	6.430062407	6.177454497	6.951842343	6.765045565	6.8653042
1972	7.685363392	7.69199533	6.447473218	6.709972426	6.658164168	7.237316449	6.722934126	7.34532166	8.086755463	6.679699553	6.672476187	6.592529472	6.669162948	6.536811737	6.614705595	6.383775918	6.607307356	6.706385281	6.763176336	6.684615872	6.238012212	6.066135341	6.483498756	6.432129182	6.203229382	7.059454394	6.81880652	6.774117886
1973	7.747783839	7.755320634	6.516786438	6.756934098	6.739306397	7.344773772	6.822383435	7.370174312	8.174716581	6.743497699	6.680337605	6.610744089	6.624636665	6.499343395	6.651920681	6.402800187	6.684058294	6.749201248	6.79849287	6.704590702	6.288049275	6.014387928	6.549569366	6.436107465	6.235201864	7.112261636	6.814906066	6.767207009
1974	7.829326235	7.842074873	6.585443369	6.711006942	6.668381623	7.411545654	6.831962233	7.405810382	8.27465815	6.742609773	6.658734402	6.592652408	6.638742126	6.433222829	6.467800999	6.403831248	6.596802507	6.653562928	6.844481055	6.733584191	6.205939174	5.878805829	6.485994694	6.454380175	6.342577548	7.115551053	6.972583642	6.660148783
1975	7.940513594	7.868405113	6.674853827	6.770612748	6.756270779	7.482710368	6.938061078	7.456223502	8.31210569	6.789323702	6.608333437	6.608403704	6.644387374	6.499962529	6.710270805	6.448364984	6.691202194	6.734205158	6.931786468	6.776941675	6.325649485	5.952321369	6.513891801	6.489330582	6.480484885	7.166633346	6.992959992	6.780550417
1976	7.965469239	7.801919199	6.716603475	6.677557243	6.732573319	7.507347878	6.857042413	7.45453429	8.321763957	6.787807029	6.634086858	6.676319032	6.62129788	6.398978541	6.751398567	6.42651922	6.624606637	6.716165184	6.963780672	6.767472743	6.191720716	5.862931502	6.391871141	6.453955397	6.471359033	7.140387005	6.918975818	6.818915432
1977	8.022541442	7.828835588	6.855680736	6.832429203	6.783971446	7.502417983	6.913617485	7.51313555	8.407748433	6.837738573	6.761038417	6.643931995	6.746470159	6.494943938	6.849827749	6.508438165	6.759288472	6.797010761	7.023264405	6.797463081	6.429482318	6.092636811	6.494956277	6.559361495	6.471311413	7.186155401	6.961289725	6.955001046
