Year	Ybeijing	Ytianjin	Yhebei	Yshanxi	Ymongo	Yliaoning	YJilin	YHLJ	Yshanghai	Yjiangsu	YZJ	YAH	YFJ	YJX	YSD	YHenan	YHubei	Yhunan	Yguangdong	YGangxi	YSichuan	YGuiz	Yyuannan	Yshanxi	YGansu	YQinghai	YNXia	Yxinjiang
1978	8.108640856	8.003319188	6.979349783	6.98411254	6.847123928	7.589230165	7.019346462	7.599982422	8.543631401	7.045779275	6.94726972	6.629724177	6.893182564	6.599180543	6.937490555	6.599809522	6.873996521	6.938349299	7.011611843	6.86561225	6.688323697	6.288051724	6.669761519	6.653235065	6.583462935	7.302885828	7.020943618	7.026098756
1979	8.176920755	8.078122839	7.030056676	7.067912407	6.92483163	7.623023964	7.05754411	7.617125016	8.58465707	7.149045626	7.063031258	6.705208778	6.932514579	6.731526578	6.991398239	6.666115112	7.006392198	7.014443756	7.07175527	6.884079862	6.826513956	6.375796995	6.686156213	6.715890357	6.584613276	7.188479143	7.060755872	7.123620588
1980	8.271266466	8.159991957	7.049290028	7.075829427	6.928813033	7.698045771	7.108642447	7.701419	8.652693352	7.188322041	7.203986294	6.710360415	7.089466593	6.760051028	7.097700416	6.796083921	7.057336196	7.054112387	7.203359954	6.963612808	6.90339862	6.402153118	6.755687862	6.777835112	6.659116002	7.338945895	7.109688629	7.171877633
1981	8.239247863	8.192296093	7.042355845	7.070835125	7.015273198	7.668244858	7.155926896	7.727695133	8.693047516	7.279728378	7.301150736	6.861385149	7.218156854	6.804195343	7.140602906	6.85593432	7.108448535	7.092785856	7.265852548	7.019596993	6.860340484	6.447283047	6.815160244	6.809913653	6.55945676	7.311671549	7.105712064	7.237989408
1982	8.286339359	8.214852673	7.135050073	7.201069988	7.165572717	7.70389224	7.218209084	7.778786984	8.747492319	7.360159605	7.395767506	6.939192013	7.288829926	6.879892255	7.234363374	6.881676858	7.209973086	7.16559534	7.355810628	7.117919362	6.919680499	6.577140831	6.940815552	6.883487613	6.627351509	7.394823921	7.165197285	7.321552216
1983	8.4163937	8.281766952	7.23202609	7.320939845	7.244747887	7.818513244	7.409340657	7.862172446	8.81122895	7.468637067	7.488396005	7.015590308	7.335329416	6.934984707	7.355216608	7.085643848	7.259209538	7.243149572	7.406211504	7.137173471	7.034010987	6.68680953	7.006958534	6.944691512	6.759682798	7.493763869	7.293279648	7.434468213
1984	8.565735544	8.444322627	7.35427114	7.505664905	7.382422092	7.966667163	7.520536054	7.962199891	8.912000226	7.608616694	7.651686074	7.189491906	7.486077143	7.06734441	7.506028624	7.171770215	7.44061499	7.323615955	7.529337393	7.184530534	7.176175705	6.85683375	7.13012969	7.096639015	6.84735021	7.598634712	7.4009412	7.557278275
1985	8.634889923	8.533829439	7.460998332	7.564247779	7.529659474	8.083090379	7.580431797	8.015625295	9.027914353	7.761398292	7.83885134	7.323259767	7.634726151	7.194030025	7.606419855	7.288282111	7.579561492	7.426005504	7.698424978	7.262390082	7.311055227	6.920664895	7.238797779	7.237295613	6.986888026	7.688830204	7.545293951	7.700857476
1986	8.706360735	8.577863936	7.496601485	7.616433892	7.574660007	8.152031935	7.643390171	8.04397513	9.058201212	7.851205756	7.943195861	7.416758839	7.676906417	7.24481849	7.657043654	7.320173335	7.621398485	7.490949898	7.790545591	7.305752466	7.360217415	6.961766	7.262922246	7.307152083	7.076656342	7.732897094	7.603573984	7.792953747
1987	8.780877646	8.634082356	7.591709766	7.653733114	7.648663216	8.269465425	7.806589378	8.116768262	9.116677086	7.965474959	8.042284383	7.450313971	7.785968098	7.310404948	7.771888673	7.444634985	7.688308921	7.56473774	7.937711601	7.376179369	7.440424282	7.050128589	7.363527841	7.387782502	7.146582872	7.771841439	7.653996094	7.869761992
1988	8.888051937	8.678472138	7.703565964	7.713853852	7.728691818	8.367222118	7.945198908	8.188183715	9.202616904	8.130379484	8.136624395	7.486026801	7.903789092	7.397782943	7.874575183	7.522561296	7.746515996	7.620797606	8.066323905	7.402426784	7.511302967	7.102603341	7.495112432	7.561703694	7.259406062	7.832099499	7.745488987	7.947304652
1989	8.91143023	8.678969667	7.748046485	7.748934136	7.742050821	8.3847675	7.903890186	8.237326423	9.221123433	8.139964672	8.121297269	7.519754729	7.963584893	7.440073001	7.892547413	7.548836318	7.775177908	7.639744306	8.117807574	7.422741446	7.527611316	7.133977833	7.536579481	7.575868069	7.327494241	7.830297877	7.797445248	7.985184661
1990	8.902401936	8.694691581	7.758239207	7.753796562	7.795234376	8.372500993	7.901407687	8.264901833	9.209179349	8.154022337	8.169344766	7.511367407	7.98783914	7.453441252	7.906762744	7.54331701	7.783615187	7.660123483	8.172956113	7.464004554	7.560039797	7.1500391	7.597503868	7.573069222	7.344020344	7.848611301	7.801341902	8.045535634
1991	8.985816817	8.725072458	7.852743742	7.780214734	7.857893126	8.425931763	7.949259834	8.322634114	9.275530825	8.222442806	8.325038554	7.487286155	8.108635351	7.51791994	8.034014925	7.596946038	7.8341962	7.72302675	8.317972128	7.568886764	7.634890319	7.223770531	7.647840517	7.626653675	7.394717619	7.881236267	7.827172079	8.163204908
1992	9.088281674	8.823690402	7.988905934	7.896989018	7.951777072	8.533657756	8.055247404	8.379233429	9.410698424	8.440632885	8.490933035	7.629987238	8.281508528	7.643598576	8.185507021	7.714217939	7.953840028	7.830622582	8.503555282	7.724072524	7.744335933	7.287876145	7.738165336	7.707732512	7.47650669	7.937325418	7.895195281	8.272374101
1993	9.193469333	8.929253484	8.1425163	8.001085189	8.041263058	8.666096518	8.166650838	8.443653811	9.546620859	8.613216014	8.682726702	7.809866722	8.495398476	7.758538104	8.379828153	7.851030149	8.074498811	7.946728408	8.692373399	7.903189312	7.864894652	7.368096376	7.825179115	7.809962952	7.572949781	8.016061392	7.975120499	8.355341643
1994	9.308479144	9.055395072	8.272919016	8.080029301	8.125015147	8.766090706	8.292898337	8.518322628	9.675101632	8.758216159	8.858506179	7.987388365	8.681365595	7.903262536	8.527480939	7.971624193	8.204390786	8.044140661	8.853992013	8.039292512	7.960297568	7.435404968	7.921126079	7.876873066	7.657915332	8.079994508	8.035913174	8.442117851
1995	9.3192127	9.186828326	8.395428338	8.174835617	8.201546375	8.828555276	8.379420011	8.602123236	9.764416361	8.895061436	9.007137338	8.11135216	8.80604233	8.026782903	8.656348602	8.101591164	8.331443729	8.141794066	8.966475455	8.170592796	8.045758075	7.493369943	8.014421928	7.953615382	7.727397775	8.142295601	8.104391293	8.510681973
1996	9.400849053	9.314135483	8.514785978	8.268849597	8.311085923	8.905208528	8.500892783	8.694699728	9.883811127	9.003966548	9.121155114	8.23644824	8.941889577	8.142249983	8.767677652	8.223860897	8.44628935	8.251290633	9.054678909	8.258551988	8.135632214	7.565320798	8.100413488	8.042523256	7.824427373	8.210348687	8.255278634	8.556000557
1997	9.507722617	9.423096225	8.626265664	8.358454843	8.395463029	8.98513761	8.582030781	8.783859333	9.976943233	9.11196488	9.205453362	8.346660847	9.070875118	8.240201796	8.868473456	8.315089701	8.560300406	8.348107657	9.142582504	8.335187213	8.231187559	7.628969381	8.177471323	8.130241666	7.89512235	8.280265862	8.311402131	8.643336386
