CODE	LANGUAGE	INTERREG	LAND_PRE	P_SEMNAT	P_NATFOR	P_WETLAN	AG_INTEN	LAND_AB	EMISSION	DISSECT	ENERGY	FARM20HA	LOCATION	SET_STR	REG_CLU
at11	700	59	4	2	3	4	5	1	2	3	9	.31	4	5	1
at12	700	21	4	2	4	1	5	1	2	4	9	.31	4	5	1
at13	700	75	5	1	5	5	5	9	2	5	9	.31	4	1	2
at21	700	81	4	3	4	2	5	1	2	3	9	.45	4	6	1
at22	700	68	4	3	5	1	5	1	2	4	9	.45	4	5	1
at31	700	47	4	3	3	2	5	1	2	5	9	.33	4	4	1
at32	700	52	4	4	4	2	5	1	2	3	9	.33	5	5	3
at33	700	65	4	4	4	1	5	1	2	3	9	.33	5	6	3
at34	700	38	5	4	5	2	5	1	2	4	9	.33	5	4	3
be21	300	38	5	5	4	4	3	9	3	5	5	.51	5	1	2
be22	300	88	5	5	4	4	3	9	3	5	5	.43	5	3	2
be23	300	21	5	5	1	3	3	9	3	5	5	.54	5	3	2
be24	300	0	5	5	4	2	4	1	3	5	9	.46	5	1	2
be25	300	35	5	5	1	2	1	9	3	5	5	.46	5	3	2
be31	600	0	5	4	3	9	4	1	3	5	9	.10	5	1	2
be32	600	140	5	4	3	2	5	9	3	5	2	.14	5	3	2
be33	607	50	5	4	4	3	5	9	3	5	2	.21	5	3	2
be34	600	135	5	4	5	1	5	9	2	5	2	.15	5	6	2
be35	600	106	5	4	4	1	5	9	3	5	2	.09	5	4	2
de11	700	0	4	2	4	9	4	1	3	1	5	.34	5	1	2
de12	700	21	5	3	5	2	4	1	3	1	4	.30	5	1	2
de13	700	45	4	3	5	2	4	1	2	1	4	.44	5	3	2
de14	700	55	4	3	4	4	4	1	2	1	4	.33	5	3	2
de21	700	37	4	3	4	3	4	1	3	2	5	.35	5	2	2
de22	700	118	4	3	3	2	4	1	2	3	5	.38	4	4	1
de23	700	98	4	3	4	1	4	1	2	2	5	.37	4	4	1
de24	700	98	4	3	4	1	4	1	2	2	4	.38	4	3	1
de25	700	0	5	3	4	9	4	1	3	3	4	.41	5	2	2
de26	700	0	4	2	4	2	4	1	2	3	5	.35	5	3	1
de27	700	44	4	4	3	2	4	1	2	2	5	.40	5	3	2
de3	700	0	4	2	2	1	4	9	3	3	9	.20	4	1	2
de5	700	0	5	3	5	2	4	9	2	2	9	.20	5	1	4
de6	700	0	5	4	3	5	4	9	2	3	9	.20	5	1	2
de71	700	0	5	3	5	3	4	1	3	3	5	.26	5	1	2
de72	700	0	5	3	5	1	4	1	2	3	4	.31	5	3	2
de73	700	0	5	3	5	1	4	1	3	3	4	.29	5	3	2
de91	700	0	4	2	4	1	4	1	3	3	4	.10	5	3	2
de92	700	0	4	2	3	2	4	1	2	3	4	.11	5	2	6
de93	700	0	4	3	3	2	4	1	2	2	4	.09	5	3	1
de94	700	194	4	3	2	3	4	1	2	2	5	.15	5	3	1
dea1	700	36	5	2	4	2	4	1	3	4	5	.17	5	1	2
dea2	700	45	5	3	3	2	4	1	3	3	4	.17	5	1	2
dea3	700	53	4	2	2	1	4	1	3	3	5	.22	5	3	2
dea4	700	0	4	1	1	9	4	1	2	3	5	.27	5	1	2
dea5	700	0	5	3	5	2	4	1	3	3	5	.23	5	1	2
deb1	700	0	5	2	4	2	4	1	2	3	4	.29	5	3	1
deb2	700	123	9	9	9	1	4	1	2	3	4	.28	5	4	1
deb3	700	31	4	2	2	9	4	1	3	3	4	.30	5	3	2
dec	700	78	4	2	1	2	4	9	3	4	4	.11	5	3	2
dk	200	26	4	2	2	3	4	1	2	4	3	.11	5	3	7
es11	1115	317	4	4	3	1	4	4	2	2	4	.82	2	5	8
es12	1100	0	3	4	2	1	4	4	3	2	1	.58	2	4	9
es13	1100	0	3	4	3	2	4	2	2	2	1	.43	2	5	9
es21	1113	145	4	3	4	1	4	4	3	3	1	.47	2	2	9
es22	1113	145	4	3	3	1	4	9	2	2	1	.17	2	5	9
es23	1113	0	4	3	2	2	4	2	2	2	3	.25	2	6	9
es24	1100	145	3	3	2	1	9	4	2	1	1	.10	3	5	9
es3	1100	0	5	4	2	1	4	9	3	2	1	.17	3	1	9
es41	1100	317	3	3	2	1	9	4	2	2	1	.09	2	5	9
es42	1100	0	3	3	2	1	1	2	2	1	1	.13	3	5	9
es43	1100	317	3	3	9	1	9	4	2	1	1	.10	2	6	9
es51	111	145	4	3	3	1	4	9	2	2	2	.31	3	2	9
es52	1100	0	4	4	2	2	4	9	2	2	3	.64	3	2	9
es53	1100	0	4	3	2	1	4	9	2	2	2	.34	3	3	3
es61	1100	289	3	3	2	1	1	9	2	2	1	.23	3	5	9
es62	1100	0	3	3	1	1	4	9	2	2	3	.31	3	5	9
es63	1100	284	2	9	9	9	4	1	1	9	9	.00	3	3	0
es7	1100	0	9	9	9	9	4	9	1	9	\q\	.59	2	2	0
fi1	2536	580	14	21	21	30	20	5	7	8	45	1	5	26	35
fi2	1205	6	1	1	1	1	4	1	1	9	9	.22	1	6	1
fr1	600	0	5	1	4	2	5	9	3	1	3	.02	5	1	2
fr21	600	106	3	2	2	1	5	9	2	1	1	.03	5	5	1
fr22	600	139	3	2	2	1	5	9	3	1	2	.02	5	5	1
fr23	600	73	4	3	3	2	5	9	3	1	2	.05	5	4	1
fr24	600	0	3	2	2	1	5	9	2	1	1	.03	5	5	1
fr25	600	0	4	4	1	1	4	9	2	1	2	.10	2	6	1
fr26	600	0	3	2	2	9	5	9	2	1	1	.03	5	5	1
fr3	600	155	4	2	2	2	4	9	3	1	2	.05	5	3	6
fr41	600	100	3	3	3	1	5	9	3	1	1	.03	5	6	1
fr42	600	27	4	2	4	9	5	9	3	1	3	.15	5	3	6
fr43	600	12	3	3	4	1	4	9	2	1	1	.04	5	6	1
fr51	600	0	3	4	1	2	3	9	3	1	2	.07	2	5	1
fr52	600	0	4	4	2	2	3	9	3	1	3	.10	2	4	1
fr53	600	0	3	3	2	2	5	9	2	1	2	.05	2	6	1
fr61	600	83	3	2	4	2	3	9	2	1	3	.19	2	5	1
fr62	600	83	3	3	2	1	5	9	2	1	2	.10	3	5	1
fr63	600	0	3	3	3	1	4	9	2	1	1	.07	2	5	1
fr71	600	81	3	3	3	2	4	9	2	1	2	.16	5	3	1
fr72	600	0	3	3	2	9	4	9	2	1	1	.06	5	5	1
fr81	600	83	3	3	3	2	3	9	2	1	2	.18	3	5	1
fr82	600	92	3	3	3	2	4	9	2	1	4	.18	3	3	10
fr83	600	372	3	4	2	1	5	9	1	1	3	.09	3	6	9
gr11	800	1734	4	4	3	1	4	1	2	1	1	.79	3	6	8
gr12	800	1734	5	4	3	3	4	1	2	1	5	.78	3	5	8
gr13	800	1734	4	4	3	2	4	1	2	1	3	.64	3	6	8
gr14	800	0	5	4	3	1	9	9	2	1	4	.69	3	6	8
gr21	800	1665	4	5	3	2	9	9	1	2	2	.87	3	6	8
gr22	800	357	5	5	1	1	9	9	2	3	1	.72	3	6	8
gr23	800	357	5	5	2	3	4	1	2	2	3	.81	3	5	8
gr24	800	0	4	4	3	1	4	1	2	2	5	.80	3	5	8
gr25	800	0	5	5	2	1	4	1	2	2	3	.82	3	6	8
gr3	800	0	5	5	3	1	4	3	3	2	2	.77	3	1	10
gr41	800	1734	4	9	9	9	4	5	2	2	1	.68	3	6	8
gr42	800	0	5	9	9	9	4	1	2	2	1	.52	3	6	3
gr43	800	0	5	5	1	9	9	9	2	2	2	.60	3	6	8
ie	414	189	5	5	1	5	3	1	2	4	2	.18	2	5	9
it11	900	115	2	2	2	1	4	2	3	4	3	.42	5	2	2
it12	609	225	3	3	2	9	3	9	2	3	1	.32	5	6	3
it13	900	115	3	2	4	9	3	4	3	4	5	.77	3	1	10
it2	900	109	3	2	2	3	2	9	3	4	5	.29	5	1	2
it31	709	39	3	3	4	1	3	9	2	3	2	.32	5	6	3
it32	900	51	4	3	2	3	3	9	3	4	3	.61	3	2	10
it33	900	83	3	3	3	1	5	2	3	3	3	.54	4	3	10
it4	900	0	3	2	2	2	5	9	3	4	4	.45	3	2	10
it51	900	505	3	2	3	1	4	2	2	4	2	.34	3	2	10
it52	900	0	3	2	3	2	5	9	2	3	3	.38	3	5	10
it53	900	0	3	3	2	9	5	9	2	4	2	.49	3	4	9
it6	900	0	3	2	2	1	5	9	3	4	3	.46	3	1	10
it71	900	0	3	3	2	9	4	9	2	4	2	.48	3	3	10
it72	900	0	2	3	2	9	5	2	2	3	1	.54	3	5	9
it8	900	0	3	3	2	1	5	2	3	4	4	.73	3	3	9
it91	900	305	3	2	1	1	2	9	2	3	3	.51	3	2	9
it92	900	0	3	3	2	1	3	4	2	3	1	.42	3	6	9
it93	900	0	3	2	3	1	5	4	2	4	1	.58	3	4	9
ita	900	0	3	3	1	1	2	2	2	3	2	.55	3	2	9
itb	900	417	3	3	1	1	2	9	2	2	1	.19	3	5	9
lu	607	118	5	5	5	1	5	1	3	4	2	.06	5	3	2
nl11	300	203	3	3	1	2	9	9	2	4	3	.11	5	3	2
nl12	300	0	3	4	1	3	9	9	2	4	4	.13	5	4	1
nl13	300	263	4	4	2	1	9	9	2	5	4	.16	5	3	2
nl21	300	59	4	5	2	2	4	9	3	5	5	.43	5	3	2
nl22	300	59	5	5	3	4	4	9	3	2	5	.48	5	3	2
nl23	300	0	5	3	3	5	4	9	2	5	4	.07	5	4	5
nl31	300	0	5	5	4	4	4	9	3	5	5	.39	5	3	2
nl32	300	0	5	4	2	4	4	9	2	5	5	.28	5	1	6
nl33	300	0	5	4	1	5	4	9	3	5	5	.32	5	1	2
nl34	300	21	3	1	1	3	9	9	3	5	4	.19	5	4	2
nl41	300	39	5	5	3	2	4	9	3	5	5	.42	5	3	2
nl42	300	91	5	5	3	4	4	9	3	5	5	.41	5	3	2
pt11	1000	435	2	1	1	9	4	9	2	4	3	.68	2	2	8
pt12	1000	435	2	1	9	9	1	2	2	3	3	.56	2	5	8
pt13	1000	0	9	9	9	9	1	9	3	4	4	.45	2	2	10
pt14	1000	435	2	1	9	9	1	4	2	1	1	.07	2	6	5
pt15	1000	435	2	1	9	9	4	9	2	2	3	.53	2	6	3
se01	1200	5	3	3	4	4	5	1	2	4	3	.09	1	2	7
se02	1200	5	3	3	3	4	5	1	2	2	2	.06	1	5	7
se03	1200	0	2	9	1	9	4	1	2	2	3	.14	1	6	7
se04	1200	25	2	3	3	2	5	1	2	4	4	.11	5	5	7
se05	1200	94	2	9	1	9	4	1	2	3	3	.16	1	5	7
se06	1200	34	2	2	3	4	5	1	1	2	3	.21	1	6	7
se07	1200	46	2	2	2	3	5	1	1	1	3	.28	1	6	7
se08	1200	77	2	1	2	4	5	1	1	1	3	.30	1	6	7
uk11	400	0	9	9	9	9	4	1	3	5	9	.02	2	3	6
uk12	400	0	9	9	9	9	4	1	2	4	9	.04	2	6	1
uk13	400	0	9	9	9	9	4	1	2	4	9	.02	2	3	1
uk21	400	0	9	9	9	9	4	1	3	4	9	.03	2	3	6
uk22	400	0	9	9	9	9	4	1	2	4	9	.04	2	5	1
uk23	400	0	9	9	9	9	4	1	3	5	9	.12	2	1	6
uk24	400	0	9	9	9	9	4	1	3	5	9	.12	2	1	6
uk31	400	0	9	9	9	9	4	1	3	5	9	.06	2	3	6
uk32	400	0	9	9	9	9	4	1	3	4	9	.04	2	3	6
uk33	400	0	9	9	9	9	4	1	3	4	9	.03	2	4	6
uk4	400	0	9	9	9	9	4	1	2	4	9	.03	5	3	6
uk51	400	0	9	9	9	9	4	1	3	5	9	.04	5	1	6
uk52	400	0	9	9	9	9	4	1	3	4	9	.04	5	1	6
uk53	400	98	9	9	9	9	4	1	3	5	9	.09	5	1	6
uk54	400	0	9	9	9	9	4	1	3	5	9	.04	5	1	6
uk55	400	0	9	9	9	9	4	9	3	5	9	.04	5	1	2
uk56	400	0	9	9	9	9	4	1	2	5	9	.06	2	3	6
uk57	400	58	9	9	9	9	4	1	3	5	9	.08	5	1	6
uk61	400	0	9	9	9	9	4	1	2	5	9	.06	2	2	1
uk62	400	0	9	9	9	9	4	1	2	4	9	.09	2	4	1
uk63	400	0	9	9	9	9	4	1	2	4	9	.07	2	3	1
uk71	400	0	9	9	9	9	4	1	2	4	9	.08	2	2	6
uk72	400	0	9	9	9	9	4	1	3	4	9	.08	2	2	6
uk73	400	0	9	9	9	9	4	9	2	5	9	.08	2	1	6
uk81	400	0	9	9	9	9	4	1	3	5	9	.09	2	1	6
uk82	400	0	9	9	9	9	4	9	3	5	9	.10	2	1	6
uk83	400	0	9	9	9	9	4	1	3	5	9	.10	2	1	6
uk84	400	0	9	9	9	9	4	9	3	5	9	.10	2	1	6
uk91	414	166	9	9	9	9	4	1	2	4	9	.07	2	6	1
uk92	414	0	9	9	9	9	4	1	3	5	9	.10	2	3	6
uka1	400	0	9	9	9	9	4	1	2	3	9	.01	2	3	1
uka2	400	0	9	9	9	9	4	1	2	3	9	.01	2	3	1
uka3	414	0	9	9	9	9	4	1	1	2	9	.02	2	6	1
uka4	400	0	9	9	9	9	4	1	2	3	9	.02	2	5	1
ukb	414	327	2	1	1	1	4	1	2	4	9	.13	2	3	9
