2002	BE1	BE2	BE3	DE1	DE2	DE3	DE5	DE6	DE7	DE9	DEA	DEB	DEC	GR1	GR2	GR3	GR4	ES1	ES2	ES3	ES4	ES5	ES6	ES7	FR1	FR2	FR3	FR4	FR5	FR6	FR7	FR8	IT1	IT2	IT3	IT4	IT5	IT6	IT7	IT8	IT9	ITA	ITB	NL1	NL2	NL3	NL4	AT1	AT2	AT3	PT1	UKC  	UKD  	UKE  	UKF  	UKG  	UKH  	UKI  	UKJ  	UKK  	UKL  	UKM  	IE	LU	FI	SE	DK	NO
1975	18.18	22.97	22.44	26.56	26.06	30.09	26.25	29.49	28.22	25.72	27.67	24.72	27.11	15.81	11.56	24.22	12.9	22.32	19.47	22.6	24.4	20.73	20.54	17.81	25.04	23.14	21.95	23.96	23.18	24.32	22.41	26.99	28.01	29.25	29.55	29.87	28.96	32.03	29.51	27.45	28.86	31.1	33.21	11.16	13.07	12.47	11.61	25.36	28.06	30.15	7.58	17.24	17.54	18.13	19.33	18.77	22.36	20.22	25.51	23.19	18.94	21.24	14.43	38.46	15.66	20.99	23.17	23.24
1976	18.18	22.97	22.44	26.56	26.06	30.09	26.25	29.49	28.22	25.72	27.67	24.72	27.11	15.81	11.56	24.22	12.9	22.32	19.47	22.6	24.4	20.73	20.54	17.81	25.04	23.14	21.95	23.96	23.18	24.32	22.41	26.99	28.01	29.25	29.55	29.87	28.96	32.03	29.51	27.45	28.86	31.1	33.21	11.16	13.07	12.47	11.61	25.36	28.06	30.15	7.58	17.24	17.54	18.13	19.33	18.77	22.36	20.22	25.51	23.19	18.94	21.24	14.43	38.46	15.66	20.99	23.17	23.24
1977	18.38	23.35	22.31	26.35	25.65	29.82	26.33	29.45	28.2	25.77	27.59	24.55	27.3	15.83	11.88	23.34	12.98	20.88	18.87	21.51	23.24	19.64	19.34	17.38	25.18	23.55	22.13	24.24	23.36	24.54	22.43	27.18	28.2	29.22	29.01	29.85	29.11	32.78	30.02	27.53	29.3	31.6	32.98	11.5	13.27	12.99	11.87	26.3	28.52	30.98	8.17	17.67	18.18	18.13	19.43	18.81	23.04	20.21	26.04	24.12	19.37	21.27	14.03	38.85	14.83	20.93	23.57	22.4
1978	18.65	23.25	22.18	26.84	25.91	29.65	26.14	29.34	27.86	25.63	27.69	24.93	28.1	16.18	12.46	23.01	13.32	20.3	19.01	21.27	23.02	19.35	18.94	17.65	25.61	23.76	22.61	24.49	23.25	24.6	22.6	27.28	29.3	29.04	29.91	29.8	28.99	32.62	30.57	26.61	27.94	29.85	32.58	11.79	13.59	13.14	12.29	26.48	28.34	31.16	7.78	17.68	18.17	18.4	19.78	18.71	23.49	20.22	26.28	24.29	19.78	21.11	14.27	39.09	13.95	20.31	23.7	22.89
1979	18.32	23.45	22.46	26.89	25.93	29.34	26.2	29.36	27.93	25.51	28.11	25.15	28.3	16.35	12.94	22.46	13.56	20.33	19.72	21.66	23.47	19.62	19.09	18.43	26.36	24.04	23.25	24.79	23.36	24.75	22.83	27.45	29.82	30.36	29.36	30.95	30	34.47	30.2	27.39	27.69	29.14	32.29	11.92	13.74	13.3	12.41	26.97	28.44	31.51	8.3	18.3	18.68	19.25	18.65	18.91	22.98	21.07	24.8	23.53	20.19	21.47	14.63	39.03	13.32	20.38	23.92	23.33
1980	17.75	23.13	22.25	27.15	25.98	29.62	25.95	28.89	28.04	25.66	28.27	25.15	27.66	16.66	13.54	22.06	13.94	19.73	19.83	21.39	23.2	19.3	18.66	18.66	27.56	24.27	23.06	25.24	23.42	24.81	23.56	27.54	30.39	30.57	29.34	31.63	31.29	34.83	29.5	28.31	27.75	29.36	33.26	11.98	13.78	13.34	12.46	27.24	28.65	31.25	8.24	18.22	18.27	18.81	20.17	18.75	22.45	21.14	24.35	23.21	19.45	21.3	15.3	38.74	13.77	20.87	23.99	22.36
1981	20.34	22.72	22.42	27	26.4	27.42	25.87	26.2	25.85	25.93	28.28	25.63	26.6	16.52	13.55	21.66	13.76	18.74	19.49	20.66	22.42	18.56	17.84	18.5	26.61	24.65	24.15	25.24	23.59	25.16	23.84	28.48	29.64	29.5	29.08	30.3	30.1	34.05	30.3	31.49	29.48	29.68	32.92	11.72	13.37	12.87	11.91	27.74	28.99	31.21	8.61	19.17	18.78	19.5	20.5	18.96	22.88	20.91	24.86	23.87	20.48	21.61	16.62	37.71	14.09	20.92	24.13	21.23
1982	20.81	22.09	22.44	29.17	27.79	28.7	27.56	28.45	27.73	27.24	29.88	27.89	29.01	17.31	14.56	19.59	14.19	18.85	19.95	20.61	22.85	18.44	17.56	18.89	26.66	24.78	24.16	25.47	23.39	25.42	23.96	28.59	29.21	29.27	29.72	29.93	30.38	33.19	30.18	31.25	30.08	29.53	31.4	11.46	13.23	12.47	11.47	28.07	29.2	30.93	8.72	19.55	19.26	19.57	21.06	19.4	22.98	20.82	24.39	24.14	20.8	22.31	17.1	37.66	13.83	20.62	23.34	20.73
1983	22.14	22.76	23.23	29.12	28.05	29.04	27.66	28.4	27.86	27.46	29.92	27.92	29.33	17.08	14.9	19.18	14.08	19.06	20.76	20.72	22.97	19.08	18	19.3	29.17	25.13	24.1	25.32	23.42	23.82	24.04	27.05	29.4	29.51	29.53	29.98	30.56	32.49	29.89	30.73	29.56	29.75	31.2	12.24	13.58	13.13	11.69	28.28	29.43	31.18	8.73	19.56	19.41	19.48	20.62	19.38	23.15	20.96	24.56	23.94	21.15	22.41	16.86	38	13.84	20.55	24.6	20.98
1984	21.88	23.57	22.28	29.18	28.34	29.4	27.86	28.89	28.5	27.2	29.59	28.32	29.58	16.94	15.22	19.39	14.48	18.82	21.27	21.11	23	19.43	18.11	19.69	28.62	25.01	24.63	25.27	23.48	24.07	24.27	26.52	30.28	29.75	29.63	30.77	31.47	31.4	29.74	30.51	29.73	30.27	31.78	12.32	13.46	13.13	11.63	28.87	29.6	31.24	9	19.57	19.59	19.72	20.59	19.45	23.46	20.83	25.04	24.37	20.94	23.02	16.65	39.54	14.38	20.61	24.53	21.3
1985	20.1	22.78	22.04	29.37	28.42	29.28	27.54	28.49	28.71	27.72	29.52	28.3	28.89	16.84	15.92	18.9	15.71	18.24	21.86	21.54	23.46	19.04	17.86	21.36	28.33	25.06	25.31	25.38	23.68	24.42	24.73	26.24	29.45	29.67	28.96	30.15	31.26	32.9	30.36	31.08	30.6	30.9	31.98	12.42	13.05	13.06	11.51	28.98	29.71	31.39	9.02	19.42	19.8	20.33	20.93	19.48	22.44	20.59	23.42	23.94	21.41	22.73	16.65	39.71	14.9	21.11	24.69	21.5
1986	17.84	23.56	22.76	26.24	26.55	28.62	25.94	28.38	27.1	26.3	27.91	26.77	27.2	16.87	16.4	18.37	16.13	17.1	19.81	18.89	19.38	18.16	17.68	24.16	28.21	24.72	25.08	25	23.4	23.91	24.4	25.84	29.23	29.42	29.38	29.87	30.26	32.91	29.78	31.09	31.61	32.31	32.04	12.55	12.52	12.92	11.3	29.03	29.53	31.28	9.34	19.95	19.55	20.07	19.04	19.03	22.16	20.46	23.16	23.97	20.37	22.23	17.22	38.68	15.71	21.25	25.08	21.95
1987	16.9	22.08	21.76	25.94	26.27	28.72	25.87	28.4	26.87	26.15	27.78	26.66	26.73	16.82	16.37	17.87	17.26	17.25	19.97	19.16	19.33	18.49	17.89	24.21	27.65	24.66	24.67	25.27	23.7	24.52	24.16	25.19	29.58	29.39	30.02	30.45	30.54	33.08	31.46	30.66	32.16	31.92	31.54	11.97	12.2	12.68	10.86	28.96	30.33	31.05	9.56	19.02	19.08	19.93	20.11	18.62	22.3	20.32	23.24	24.18	20.36	23.07	17.35	39.03	18.15	21.39	25.28	24.22
1988	18.22	24.06	22.56	25.54	26.33	28.73	26.16	27.66	26.71	26.12	27.79	26.52	26.42	17.5	17.43	18.28	18.37	16.83	18.95	18.99	19.1	18.4	18.7	24.31	27.78	24.79	24.44	25.32	23.66	24.97	24.36	25.54	29.77	29.01	29.42	30.6	29.95	32.81	31.46	31.67	31.59	31.96	31.48	11.48	12.01	12.11	11.47	29.62	30.11	30.98	9.8	18.84	18.75	19.35	19.79	18.57	21.68	20.17	22.63	23.13	20.1	22.89	17.09	38.38	20.25	21.73	25.22	24.85
1989	17.51	24.53	21.88	25.76	26.47	28.77	26.09	27.8	26.73	26.49	27.8	26.2	26.86	16.19	16.52	16.66	17.63	17.55	19.1	18.61	20	18.39	18.95	24.95	27.96	25.27	25.54	25.42	24.38	25.77	25.03	26.04	29.73	28.17	28.41	30.2	30.6	33.08	30.83	31.11	32.05	31.32	31.09	11.18	11.54	11.76	11.3	29.99	30.29	30.89	9.88	18.42	18.64	18.51	19.1	18.71	21.49	19.3	22.53	22.94	19.47	22.15	16.61	37.69	20.48	21.76	25.49	24.92
1990	18.93	24.21	22.33	25.76	26.1	28.56	26.2	27.63	26.85	26.56	27.65	26.3	26.98	16.79	18.49	16.96	19.06	18.57	20.57	20.85	21.08	20.36	19.84	25.91	27.06	25.81	26.34	25.66	24.61	25.9	25.49	26.72	29.23	28.9	28.32	29.7	29.3	32.14	29.39	31.44	31.66	32.88	29.65	10.8	11.57	11.85	11.35	29.86	30.08	30.5	9.98	18.62	18.49	18.67	19.5	19.42	21.37	19.66	22.54	22.73	19.51	22.55	17.56	37.85	21	22.06	25.05	24.77
1991	19.86	23.94	22.69	25.81	26.33	28.03	26.07	28.07	27.05	26.97	27.78	26.42	26.53	16.81	18.38	16.26	20.63	18.42	20.69	20.72	21.32	20.57	20.22	24.81	27.66	26	27.02	26.11	25.33	25.89	25.71	26.82	28.94	29.05	28.37	29.83	28.74	32.54	29.04	31.4	31.6	32.52	29.99	10.66	11.11	11.95	11.13	30.25	30.22	30.66	9.51	18.36	17.99	18.46	18.72	18.69	21.14	20.38	22.9	22.44	19.16	22.58	18.12	37.6	23.51	23.65	24.92	24.52
1992	21.37	24.41	24.38	28.93	29.75	23	29.19	30.52	30.35	30.17	31.05	29.95	29.99	16.06	17.27	15.55	18.95	19.12	21.24	20.73	21.97	21	20.73	26.48	28.52	26.49	26.79	26.31	25.53	26.12	25.87	27.12	28.88	27.74	28.08	27.99	28.59	31.69	28.98	31.82	31.34	32.65	30.68	10.96	11.29	12.12	11.66	30.17	30.03	30.62	10.11	19.15	18.41	19.28	18.9	19.12	21.91	21.74	23.78	21.96	20.42	22.86	19.84	37.73	25.38	24.62	24.42	25
1993	20.69	25.63	24.92	28.4	29.16	25.06	28.49	30.77	29.72	29.68	30.36	29.41	29.02	16.74	19.18	15.78	21.69	19.9	22	20.37	22.88	21.44	21.63	25.98	28.22	25.99	26.89	26.63	25.99	25.68	25.15	26.84	28.34	28.61	27.25	29.25	29.15	31.78	30.48	30.49	30.04	30.42	30.87	11.27	11.37	12.19	11.83	30.34	29.99	30.79	10.43	19.08	19.11	19.62	19.69	19.49	21.96	22.22	23.74	22.22	20.55	22.41	19.57	38.44	25.2	24.7	24.77	26.03
1994	23.21	25.91	25.6	27.97	29.06	26.67	28.76	28.63	28.86	29.27	30.13	29.09	29.74	16.07	16.63	15.17	20.77	19.66	22.07	20.49	22.24	21.22	21.68	25.57	28.3	25.96	26.72	26.7	26.13	25.75	25.02	26.77	28.64	28.93	27.32	29.41	29.16	31.91	30.75	30.6	30.14	30.35	31.37	12.72	12.93	13.7	13.14	30.01	29.34	30.62	10.76	19.77	19.45	20.07	19.94	19.72	21.79	22.94	24.01	21.62	20.47	23.38	19.38	39.41	25.37	25.21	24.6	25.59
1995	23.36	26.22	25.13	28.08	29.24	28.16	28.73	29.05	29.46	29.46	30.33	29.31	29.25	15.06	16.34	15.13	20.33	19.25	21.52	20.67	21.64	20.88	21.52	24.57	28.82	26.36	26.89	27.13	26.6	25.94	25.38	27.08	28.7	28.84	27.42	29.84	29.62	32.54	30.79	31.05	29.61	30.59	31.84	13.01	13.17	13.92	13.31	29.98	29.21	30.53	10.45	19.9	20.07	19.89	19.88	20.11	21.93	23.4	23.82	21.38	20.3	23.67	19.63	38.45	24.81	26.35	25.49	26.75
1996	23.5	27.11	26.01	28.19	29.55	28.04	28.44	29.08	29.57	29.71	30.68	29.71	30.5	16.12	17.69	15.99	21.02	19.14	22.26	20.61	22.06	20.11	21.57	24.77	29.68	27.07	27.4	27.87	27.52	26.84	25.96	27.83	28.36	28.62	27.15	30.15	29.35	32.86	29.95	32.3	29.71	30.12	32.57	13.27	13.14	13.95	13.57	32.8	29.91	30.87	10.73	19.64	20.04	20.11	19.59	20.24	22.09	24.79	24.71	21.82	20.58	23.5	19.61	39.87	24.27	27.12	25.92	27.07
1997	25.36	29.77	26.04	28.14	29.27	28.04	28.54	29.36	29.25	29.94	30.83	30.13	30.42	15.9	17.9	15.41	20.04	19.68	22.08	21.7	21.53	20.07	21.31	23.71	30.25	27.69	27.75	28.55	28.51	27.52	26.27	28.46	28.02	28.63	27.44	29.56	29.39	32.68	30.17	32.54	29.42	30.32	32.16	13.58	13.45	14.36	13.9	33.14	29.75	30.66	14.36	19.98	19.78	20.47	20.77	20.42	23.06	24.75	25.29	22.63	21.41	23.39	19.5	40.75	23.87	27.55	26.2	27.35
1998	26.23	29.37	27.49	27.77	29.36	28.73	28.05	29.78	29.09	30.03	30.69	30	30.29	15.47	17.33	14.92	20.1	19.17	21.3	20.34	21.13	20.02	20.88	23.3	30.93	28.21	28.21	29.21	29.31	28	26.66	28.97	27.99	28.68	27.53	29.69	29.49	32.96	30.15	33.13	29.31	30.34	32.52	13.86	13.54	14.58	14.11	29.57	25.5	27.13	15.28	21.16	20.96	20.99	20.16	20.5	23.6	23.64	25.39	23.04	22.45	23.88	20.45	42.39	23.5	28.3	25.89	27.33
