Year,AGO,ARG,AUS,AUT,BDI,BEL,BEN,BGD,BOL,BRA,BRB,BUR,BWA,CAF,CAN,CHE,CHL,CIV,CMR,COG,COL,CPV,CRI,CSK,CYP,DEU,DNK,DOM,DZA,ECU,EGY,ESP,FIN,FJI,FRA,GAB,GBR,GHA,GIN,GMB,GNB,GRC,GTM,GUY,HKG,HND,HTI,HVO,IDN,IND,IRL,IRN,ISL,ISR,ITA,JAM,JOR,JPN,KEN,KOR,LKA,LSO,LUX,MAR,MDG,MEX,MLI,MLT,MOZ,MRT,MUS,MWI,MYS,NAM,NER,NGA,NLD,NOR,NZL,PAK,PAN,PER,PHL,PNG,PRI,PRT,PRY,RWA,SEN,SGP,SLV,SOM,SUR,SWE,SWZ,SYC,SYR,TCD,TGO,THA,TTO,TUN,TUR,UGA,URY,USA,VEN,YUG,ZAF,ZAR,ZMB,ZWE
1960,879,3293,7879,5176,593,5583,1122,798,1112,1758,2705,296,552,661,7288,9639,2893,975,701,1059,1652,482,2021,2468,2043,6637,6751,1162,1717,1433,770,3196,5367,2046,6013,1786,6548,863,389,488,480,2088,1641,1524,2210,1007,873,473,625,665,3184,2535,5172,3322,4636,1788,1141,3033,642,907,1285,289,8112,790,1161,2809,499,1346,1129,862,2803,371,1397,1772,503,560,6122,5665,7920,618,1520,1917,1119,1128,3069,1869,1215,519,1016,1712,1372,1015,2097,7492,1227,1260,1519,667,364,929,5577,1088,1604,680,3829,9776,6194,1955,2109,459,944,990
1961,925,3513,7678,5420,570,5841,1139,812,1116,1845,2848,293,576,679,7298,10328,3002,997,720,1058,1700,515,2040,2624,2204,6888,7134,1112,1595,1438,773,3573,5755,2102,6287,1974,6690,905,402,455,468,2312,1669,1566,2314,1001,830,426,651,637,3348,2446,5077,3605,4993,1787,1282,3436,551,920,1171,290,8557,961,1151,2836,482,1347,1131,883,3259,402,1453,1776,518,548,6269,5914,8025,637,1629,2028,1138,1221,3296,2004,1248,490,1038,1798,1353,1062,2168,7857,1528,1183,1546,657,363,946,6063,1121,1613,657,3803,9835,6253,2079,2133,433,943,1006
1962,932,3346,8089,5512,475,6104,1102,809,1183,1894,3090,350,601,650,7645,10581,3067,1020,762,1069,1735,466,2095,2677,2447,7099,7505,1316,1275,1427,819,3912,5825,2062,6608,2107,6697,898,434,434,476,2330,1677,1477,2526,1014,858,442,638,643,3482,2538,5370,3788,5285,1825,1282,3643,577,931,1318,331,8653,1073,1157,2871,470,1305,1202,862,2960,377,1512,1951,573,550,6445,6141,8109,648,1718,2165,1203,1297,3572,2077,1271,451,1068,1863,1518,1114,2200,8129,1643,1258,1865,696,369,981,5954,1094,1651,677,3757,10234,6610,2048,2208,548,918,938
1963,949,3203,8485,5718,476,6305,1151,905,1227,1865,2959,392,612,626,7914,10849,3128,1107,738,1017,1695,438,2190,2596,2578,7209,7394,1399,1496,1418,865,4207,5911,2200,6869,2365,6927,903,440,519,551,2574,1720,1293,2906,1020,840,416,597,682,3632,2533,5849,3994,5580,1823,1348,3983,609,992,1259,362,8092,1206,1125,2992,478,1318,1226,799,3064,371,1552,2053,584,579,6616,6433,8340,683,1819,2217,1224,1347,3790,2197,1276,433,1095,1976,1556,1106,2217,8495,1649,1365,1528,660,355,1022,6321,1172,1794,701,3647,10514,6807,2238,2332,525,861,885
1964,957,3483,8981,6015,424,6687,1149,907,1240,1864,3071,358,631,643,8284,11258,3181,1224,710,1011,1825,459,2209,2539,2287,7641,8124,1462,1557,1521,967,4413,6233,2288,7279,2451,7276,876,418,496,576,2798,1752,1476,3091,1046,829,417,609,714,3787,2668,6232,4231,5657,1998,1460,4449,611,1025,1194,377,7993,1227,1093,3227,393,1340,1237,943,3237,361,1580,2201,566,604,7158,6727,8634,730,1838,2304,1204,1477,4091,2253,1309,357,1095,1861,1624,984,2187,9025,1790,1401,2010,624,418,1085,6577,1184,1798,726,3694,10928,7237,2482,2450,500,890,916
1965,1002,3720,8955,6178,367,6860,1211,974,1309,1843,3358,389,595,623,8709,11425,3256,1199,731,1032,1782,454,2368,2775,2723,7999,8433,1237,1551,1562,975,4692,6607,2096,7540,2575,7378,857,420,592,581,3066,1763,1524,3457,1091,843,388,593,644,3862,2934,6507,4430,5765,2120,1574,4600,603,1058,1223,378,8738,1183,1084,3320,406,1457,1238,980,3082,402,1645,2287,607,628,7431,7029,8991,862,1940,2382,1232,1562,4345,2415,1312,339,1104,1931,1671,883,2514,9285,1688,1333,1936,636,491,1121,6370,1219,1793,730,3528,11492,7349,2442,2522,514,1088,943
1966,1005,3690,9282,6475,379,7027,1199,915,1356,1874,3458,377,601,616,9142,11580,3436,1198,735,1066,1878,511,2460,3243,2906,8088,8559,1374,1514,1685,967,4988,6690,2036,7893,2679,7482,835,413,612,524,3181,1781,1629,3676,1119,842,382,598,586,3862,3070,6985,4335,6085,2196,1609,5041,648,1166,1236,449,8604,1124,1084,3435,398,1597,1250,947,2972,428,1704,2363,722,587,7562,7296,9084,864,2041,2525,1242,1622,4581,2479,1315,471,1115,2076,1736,924,2842,9370,1768,1343,1736,651,493,1210,6412,1229,1970,759,3688,11999,7168,2561,2587,576,1011,959
1967,1017,3734,9503,6636,394,7252,1168,981,1389,1938,3824,355,716,632,9279,11794,3455,1193,805,1181,1843,627,2504,3200,3220,8001,8775,1356,1562,1787,962,5163,6752,2180,8203,2716,7665,872,408,599,592,3316,1816,1683,3722,1135,790,415,604,617,4014,3252,6912,4319,6499,2254,1687,5547,667,1218,1250,446,7949,1145,1095,3549,397,1717,1337,908,3092,444,1713,2342,717,490,7887,7667,8664,894,2155,2558,1295,1615,4737,2659,1359,528,1081,2270,1763,940,2934,9603,1654,1420,1873,615,529,1248,6490,1206,2000,756,3544,12160,7236,2648,2687,561,1075,1001
1968,1017,3835,10240,6887,393,7509,1122,972,1503,2121,4006,373,802,655,9635,12062,3506,1313,854,1171,1920,631,2576,3425,3393,8479,9030,1330,1724,1810,1018,5429,6837,2230,8498,3303,7934,879,395,600,613,3550,1888,1675,3840,1176,792,424,630,637,4355,3559,6445,4909,6863,2519,1639,6223,686,1343,1246,450,8260,1237,1069,3730,388,1881,1399,897,3036,439,1761,2363,716,484,8335,7739,8577,934,2236,2422,1336,1658,4837,2934,1393,526,1126,2516,1782,937,3098,9893,1784,1496,1873,541,529,1315,6136,1244,2089,752,3501,12555,7353,2785,2756,560,1098,972
1969,1081,4063,10556,7207,390,7965,1076,1013,1512,2204,4388,380,834,677,10034,12612,3549,1294,875,1327,2003,643,2633,3638,3709,9080,9607,1424,1809,1885,1056,5864,7522,2268,9062,3644,8001,898,371,599,705,3907,1922,1719,4249,1158,802,424,668,661,4657,3763,6426,5459,7270,2629,1686,6842,698,1467,1304,447,9171,1278,1105,3810,374,2030,1463,918,2629,452,1785,2439,658,628,8778,8035,9094,917,2353,2466,1379,1831,5456,3017,1426,572,998,2849,1776,767,2879,10295,2110,1490,2229,631,562,1386,7014,1305,2142,788,3749,12806,7437,3217,2896,585,1015,1007
1970,1100,4165,10917,7565,324,8453,1144,919,1614,2401,4758,392,863,699,10175,13274,3687,1320,867,1579,2097,686,2796,3825,3757,9557,9675,1496,1837,1762,1105,6017,8247,2501,9621,3692,7695,1012,351,599,653,4234,2003,1706,4456,1207,788,399,700,704,4884,4212,7086,5718,7669,2670,1412,7500,577,1688,1315,386,10000,1296,1123,3950,389,2367,1458,985,2348,429,2117,2602,752,769,9228,8129,9352,997,2497,2648,1368,1740,5784,3323,1439,626,1104,3155,1737,845,3048,10643,2415,1666,2201,549,626,1508,6725,1398,2179,764,3870,12725,7624,3337,3146,644,1091,1063
1971,1084,4280,11039,7905,446,8686,1118,768,1649,2623,4887,391,923,686,10665,13681,3990,1422,891,1589,2197,615,2872,3985,4150,9695,9861,1612,1676,1848,1144,6173,8358,2654,9897,3858,8312,1009,367,694,705,4516,2048,1675,4798,1197,841,400,722,704,4822,4183,8133,6169,7689,2747,1377,7700,734,1824,1312,422,10177,1321,1167,3979,390,2379,1519,972,2473,494,2188,2601,764,854,9493,8433,9686,943,2680,2687,1408,1784,6050,3759,1493,620,1095,3448,1745,860,2961,10621,2381,1755,2358,553,560,1464,7302,1509,2343,806,3864,13041,7432,3707,3244,649,1116,1147
1972,1068,4280,11288,8351,418,9067,1147,746,1646,2869,5192,392,1071,689,11192,13945,3984,1454,885,1608,2285,599,2989,4161,4439,10020,10348,1748,2008,1931,1144,6653,8861,2812,10177,4033,8963,929,348,701,785,4883,2099,1728,5157,1227,832,401,748,683,5028,4574,8248,6830,7815,3084,1478,8224,820,1851,1246,490,10730,1319,1108,4154,409,2452,1545,959,2515,488,2316,2751,720,819,9711,8827,9966,869,2756,2681,1438,1781,6321,3998,1521,605,1093,3857,1804,871,2642,10808,2558,1683,2846,502,592,1492,7488,1750,2441,753,3771,13632,7192,3575,3180,621,1158,1225
1973,1128,4384,11675,8746,431,9681,1166,889,1748,3190,5279,384,1273,686,11917,14254,3709,1467,893,1619,2385,566,3112,4412,4683,10433,10628,1883,2020,2215,1123,7116,9425,3090,10608,4178,9410,946,352,708,809,5235,2168,1886,5703,1282,808,397,814,688,5596,5079,8678,6810,8383,2866,1413,8769,788,2078,1303,590,11445,1337,1044,4345,394,2556,1632,915,2549,467,2520,2845,590,880,10096,9174,10656,876,2803,2756,1508,1768,6154,4479,1570,597,1023,4439,1877,848,2635,11194,2520,1813,2435,462,601,1631,7588,1771,2454,724,3826,14226,7093,3712,3315,658,1133,1223
1974,1049,4569,11517,9047,414,10092,1125,894,1778,3423,5178,380,1429,680,12298,14454,3574,1496,962,1621,2456,537,3205,4756,3820,10291,10417,2024,2203,2461,1114,7454,9799,3156,10781,5117,9156,1041,377,713,830,4971,2239,1867,5627,1243,837,418,877,672,5701,5071,9186,7036,8788,2905,1396,8503,830,2253,1373,660,11631,1383,998,4503,404,2753,1370,996,3265,477,2753,3093,645,980,10411,9593,11159,906,2821,2939,1580,1772,5817,4704,1659,601,1024,4574,1908,651,2567,11548,2207,1735,3105,493,620,1622,7852,1867,2646,723,3874,13909,7333,4440,3529,658,1185,1323
1975,683,4475,11616,8981,423,9793,1060,973,1782,3470,5376,390,1342,671,12348,13228,2906,1593,930,1635,2435,567,3185,4979,3182,10127,10185,1952,2311,2625,1222,7389,9767,3159,10467,5781,9014,876,381,681,732,5198,2217,2157,5567,1232,799,438,935,716,5756,5041,9171,7113,8354,2904,1505,8572,816,2338,1350,705,10852,1494,985,4639,430,3045,1154,955,3585,498,2616,2878,604,1034,10291,9915,10468,893,2788,2959,1623,1739,6169,4363,1702,612,1082,5006,1953,870,2827,11825,2476,1821,3538,530,613,1662,7926,2002,2832,701,4066,13479,7341,4404,3490,603,1217,1300
1976,602,4335,11865,9423,431,10341,1015,993,1887,3738,5385,405,1378,691,12996,13058,2892,1615,952,1700,2523,608,3292,5101,3763,10784,10898,2028,2419,2736,1298,7531,9510,3253,10945,7118,9300,831,407,825,712,5414,2372,2495,6253,1331,865,457,960,709,5805,5710,9407,7001,8909,2735,1849,8871,784,2577,1423,778,11074,1679,919,4681,458,3446,1070,1162,3856,496,2785,3012,605,1081,10739,10590,10580,912,2756,2915,1679,1646,6282,4526,1789,629,1124,5273,2045,826,3063,11873,2397,1989,3806,512,643,1753,8720,2100,2998,685,4149,14087,7740,4374,3456,552,1127,1168
1977,600,4516,11750,9851,483,10428,1039,1039,1914,3817,5770,419,1313,719,13246,13388,3190,1545,989,1550,2584,673,3552,5200,4384,11097,11014,2071,2529,2930,1337,7589,9466,3348,11098,6255,9550,869,402,840,565,5511,2494,2198,7027,1430,873,465,1014,751,6243,5875,10262,6809,9104,2645,2029,9193,823,2808,1479,828,11146,1708,927,4614,465,3750,1076,1115,4096,491,3022,3222,624,1279,10939,10872,9968,938,2683,2856,1709,1635,6598,4733,1960,642,1112,5579,2158,1062,3596,11528,2566,2256,3867,512,680,1883,9350,2177,3102,680,4184,14655,8110,4951,3285,527,1004,1115
1978,616,4338,12279,9806,465,10695,1034,1110,1949,3841,5950,439,1487,730,13691,13423,3426,1701,1050,1647,2736,719,3687,5454,4678,11444,11085,2064,2644,3024,1394,7544,9554,3347,11365,5398,9912,968,408,991,588,5786,2553,1900,7758,1478,896,465,1102,772,6628,4626,10750,6991,9371,2547,2339,9549,876,3124,1631,899,11692,1746,894,4905,477,3917,1046,1051,4246,535,3197,3385,663,1299,11147,11288,9924,983,2895,2715,1772,1704,6912,4775,2072,668,1065,5977,2240,1018,4020,11613,2931,2325,3990,492,712,2003,10221,2244,3019,636,4384,15303,8174,5325,3309,488,969,1150
1979,614,4645,12332,10281,467,10955,1065,1060,1968,4026,6514,455,1636,693,14191,13825,3699,1695,1158,1631,2812,772,3769,5478,5090,11980,11426,2076,2743,3070,1457,7458,10358,3679,11708,4851,10220,905,403,864,525,5894,2550,1819,7964,1504,919,478,1169,724,6806,4064,11252,7247,9930,2458,2439,9982,905,3373,1721,911,11826,1803,971,5296,514,4151,1052,1031,4331,540,3420,3487,688,1155,11325,11807,10259,1021,2967,2778,1846,1702,6880,4914,2046,691,1126,6441,2135,1028,3916,12073,3202,2712,3973,463,682,2124,10769,2315,2930,516,4690,15408,7959,5755,3339,463,908,1174
1980,627,4745,12622,10586,463,11354,1111,1098,1908,4254,6534,475,1871,663,14231,14653,3900,1563,1275,1829,2892,988,3694,5583,5294,12013,11234,2305,2778,3181,1572,7495,10985,3557,11798,4789,10028,921,424,878,440,5895,2540,1965,8801,1491,980,473,1252,763,6785,3148,11909,7494,10445,2274,2600,10292,889,3123,1851,917,12029,1866,959,5707,498,4387,896,958,3892,541,3772,2417,694,1196,11323,12249,10260,1076,3291,2889,1869,1658,6768,5048,2516,733,1087,6958,1923,836,3969,12290,3015,2825,4286,425,726,2146,11242,2473,2853,513,4955,15097,7233,5641,3512,450,930,1176
1981,603,4400,12828,10456,489,10967,1172,1037,1938,3948,6468,497,1888,607,14681,14704,4177,1622,1360,1950,2920,1017,3410,5512,5269,11862,10997,2252,2790,3143,1640,7319,11013,3725,11758,4525,9933,881,405,787,547,5877,2504,1963,9433,1445,959,482,1460,790,6964,3301,12181,7709,10382,2283,2915,10602,851,3241,1817,943,11967,1781,830,6098,500,4559,911,932,3880,497,4001,2593,681,1229,11105,12290,10747,1068,3388,2966,1858,1610,6379,5092,2609,807,1088,7411,1770,965,4223,12165,3186,2646,4474,387,685,2184,11675,2565,2843,713,4979,15339,7023,5629,3700,465,977,1217
1982,631,4014,12168,10508,486,11108,1022,985,1784,3911,6202,517,1897,630,13799,14446,3315,1592,1340,2412,2907,1054,3081,5489,5580,11706,11383,2205,2837,3143,1653,7351,11339,3383,11981,4235,10126,764,403,768,599,5936,2317,1539,9610,1358,884,526,1462,806,7023,3656,12220,7735,10349,2304,3065,10849,838,3426,1990,955,12104,1877,803,5601,517,4791,868,900,3812,481,4152,2436,665,1132,10891,12257,10686,1095,3475,2915,1907,1554,6359,5194,2503,782,1151,7703,1662,973,3896,12274,2684,2914,4281,351,653,2159,11361,2535,2847,622,4459,14612,6683,5517,3602,454,899,1273
1983,625,4079,12840,10741,474,11009,1024,986,1734,3690,6084,526,1822,554,14176,14514,3157,1528,1368,2421,2869,1114,3119,5592,5796,11988,11682,2238,2915,2865,1723,7378,11577,3192,11921,4282,10536,733,379,634,574,5899,2181,1485,10072,1308,879,514,1543,851,6875,3963,11395,7886,10369,2286,2775,11042,812,3752,2071,944,12344,1803,778,5084,505,4781,837,935,3819,474,4255,2230,629,977,11005,12779,10805,1131,3359,2476,1864,1545,6923,5105,2197,791,1136,8066,1656,896,3743,12479,2318,2741,4153,294,588,2361,10432,2583,2885,618,3830,15039,6317,5413,3399,437,802,1315
1984,641,4144,13349,10918,468,11295,1062,1050,1702,3774,6271,548,1900,589,15047,14722,3313,1513,1369,2576,2890,1148,3274,5656,6263,12337,12314,2135,2967,2854,1817,7403,11841,3315,12012,4440,10781,752,363,655,592,5963,2151,1175,10710,1302,857,488,1583,866,7084,3982,11858,7791,10649,2258,2718,11456,810,4056,2003,952,13034,1828,753,5198,505,4929,809,820,3969,489,4375,2178,530,858,11317,13557,11322,1168,3308,2493,1649,1497,7041,4952,2245,727,1075,8519,1690,873,3266,12999,2453,2769,3812,295,613,2422,8203,2665,2996,514,3710,16154,6183,5410,3541,437,791,1163
1985,662,3887,13662,11172,510,11324,1067,1116,1688,3951,6230,561,2252,596,15695,15209,3238,1499,1432,2540,2893,1205,3258,5731,6442,12543,12884,2076,2951,2885,1859,7547,12128,3129,12186,4070,11137,759,366,616,616,6184,2056,1230,10653,1303,860,516,1626,899,7215,4017,12085,7900,10895,2128,2720,12004,772,4267,2152,912,13287,1889,745,5289,515,5213,697,809,4136,499,4073,2139,533,860,11570,14227,11324,1221,3371,2481,1521,1519,7511,5026,2258,731,1109,8153,1727,739,3310,13313,2158,3038,4075,383,609,2422,9642,2704,3059,465,3730,16559,6037,5250,3354,422,774,1178
1986,664,4085,13755,11306,532,11552,1076,1155,1608,4206,6792,537,2086,603,16155,15657,3335,1533,1505,2371,2967,1259,3375,5860,6483,12832,13428,2118,2938,2868,1838,7820,12283,3272,12505,4008,11580,770,369,656,592,6221,2003,1328,11659,1303,853,551,1662,926,7144,3587,12794,8142,11199,2073,2892,12240,834,4680,2199,857,14034,2010,731,4962,542,5314,717,827,4376,480,3729,2127,533,819,11736,14821,11430,1237,3404,2682,1516,1492,7932,5250,2205,731,1103,8141,1721,910,3244,13558,2026,3199,3585,368,642,2465,10088,2632,3281,574,4043,16885,6183,5454,3299,434,766,1178
1987,671,4141,14190,11510,520,11910,1040,1148,1602,4212,7258,507,2126,561,16759,15934,3477,1440,1474,2251,3053,1256,3448,5911,6767,13006,13364,2239,2809,2756,1807,8321,12745,3024,12753,3383,12151,774,371,610,605,6197,2070,1342,13003,1331,837,542,1678,949,7423,3425,13714,8522,11547,2182,2796,12703,856,5143,2175,876,14397,1922,701,4912,525,5513,700,844,4978,469,3707,2159,500,700,11747,14918,11498,1264,3405,2858,1586,1507,8460,5615,2267,722,1114,8742,1728,893,2800,13931,2002,3186,3698,344,618,2658,8945,2671,3423,780,4467,17332,6280,5211,3288,440,732,1209
1988,685,3887,14659,11968,541,12534,1016,1189,1599,4091,7490,431,2440,562,17393,16320,3703,1323,1368,2213,3133,1270,3459,6040,7299,13544,13376,2164,2750,2824,1817,8809,13499,3137,13222,3605,12751,784,360,651,629,6404,2091,1282,13918,1362,807,555,1700,1017,7753,3052,13425,8553,12021,2177,2688,13475,878,5655,2249,913,15137,2028,682,5002,518,5999,717,859,5469,471,4097,2144,497,736,11987,14752,11481,1322,2701,2558,1657,1513,8816,5990,2287,708,1122,9568,1753,891,2906,14231,2084,3292,3932,380,630,2941,8516,2684,3395,812,4387,17975,6553,5014,3372,435,732,1217
1989,657,3615,14904,12378,518,13097,953,1254,1597,4133,7727,576,3218,559,17690,16799,4024,1282,1293,2216,3150,1269,3572,6171,7827,13937,13579,2293,2778,2805,1829,9305,14371,3541,13664,3618,13050,815,360,645,659,6622,2099,1184,14035,1351,793,541,1798,1042,8406,3046,13092,8431,12367,2413,2280,14045,887,6209,2218,958,16079,2043,672,5165,544,6482,755,860,5363,504,4470,2054,467,742,12434,14647,11811,1340,2650,2177,1727,1445,9051,6281,2235,659,1081,10240,1738,865,2367,14534,2182,3426,3705,380,628,3231,8355,2743,3370,901,4320,18354,5692,5090,3316,403,722,1292
